YYYY MM DD HH    DURATION(hhhh) #RECORDS 
YYYY MM DD HH MM DURATION(hhmm) LAT LON HGT(m) RATE(/h) AREA(m2) HEAT(w)  
2008 08 04 00  9999  1096
2008 08 08 04 00 0800  52.169 -175.511 300 5.839e-05 0   -1
2008 08 08 04 00 0800  52.169 -175.511 300 4.964e-04 0   -1
2008 08 08 04 00 0800  52.169 -175.511 300 1.854e-03 0   -1
2008 08 08 04 00 0800  52.169 -175.511 300 4.891e-03 0   -1
2008 08 08 04 00 0800  52.169 -175.511 18000 0 0   -1
2008 08 08 04 00 0800  52.169 -175.511 18000 0 0   -1
2008 08 08 04 00 0800  52.169 -175.511 18000 0 0   -1
2008 08 08 04 00 0800  52.169 -175.511 18000 0 0   -1
2008 08 08 04 00 0800  52.169 -175.365 300 5.839e-05 0   -1
2008 08 08 04 00 0800  52.169 -175.365 300 4.964e-04 0   -1
2008 08 08 04 00 0800  52.169 -175.365 300 1.854e-03 0   -1
2008 08 08 04 00 0800  52.169 -175.365 300 4.891e-03 0   -1
2008 08 08 04 00 0800  52.169 -175.365 18000 0 0   -1
2008 08 08 04 00 0800  52.169 -175.365 18000 0 0   -1
2008 08 08 04 00 0800  52.169 -175.365 18000 0 0   -1
2008 08 08 04 00 0800  52.169 -175.365 18000 0 0   -1
2008 08 08 04 00 0800  52.227 -175.399 300 5.839e-05 0   -1
2008 08 08 04 00 0800  52.227 -175.399 300 4.964e-04 0   -1
2008 08 08 04 00 0800  52.227 -175.399 300 1.854e-03 0   -1
2008 08 08 04 00 0800  52.227 -175.399 300 4.891e-03 0   -1
2008 08 08 04 00 0800  52.227 -175.399 18000 0 0   -1
2008 08 08 04 00 0800  52.227 -175.399 18000 0 0   -1
2008 08 08 04 00 0800  52.227 -175.399 18000 0 0   -1
2008 08 08 04 00 0800  52.227 -175.399 18000 0 0   -1
2008 08 08 04 00 0800  52.258 -175.486 300 5.839e-05 0   -1
2008 08 08 04 00 0800  52.258 -175.486 300 4.964e-04 0   -1
2008 08 08 04 00 0800  52.258 -175.486 300 1.854e-03 0   -1
2008 08 08 04 00 0800  52.258 -175.486 300 4.891e-03 0   -1
2008 08 08 04 00 0800  52.258 -175.486 18000 0 0   -1
2008 08 08 04 00 0800  52.258 -175.486 18000 0 0   -1
2008 08 08 04 00 0800  52.258 -175.486 18000 0 0   -1
2008 08 08 04 00 0800  52.258 -175.486 18000 0 0   -1
2008 08 08 04 00 0800  52.247 -175.585 300 5.839e-05 0   -1
2008 08 08 04 00 0800  52.247 -175.585 300 4.964e-04 0   -1
2008 08 08 04 00 0800  52.247 -175.585 300 1.854e-03 0   -1
2008 08 08 04 00 0800  52.247 -175.585 300 4.891e-03 0   -1
2008 08 08 04 00 0800  52.247 -175.585 18000 0 0   -1
2008 08 08 04 00 0800  52.247 -175.585 18000 0 0   -1
2008 08 08 04 00 0800  52.247 -175.585 18000 0 0   -1
2008 08 08 04 00 0800  52.247 -175.585 18000 0 0   -1
2008 08 08 04 00 0800  52.200 -175.649 300 5.839e-05 0   -1
2008 08 08 04 00 0800  52.200 -175.649 300 4.964e-04 0   -1
2008 08 08 04 00 0800  52.200 -175.649 300 1.854e-03 0   -1
2008 08 08 04 00 0800  52.200 -175.649 300 4.891e-03 0   -1
2008 08 08 04 00 0800  52.200 -175.649 18000 0 0   -1
2008 08 08 04 00 0800  52.200 -175.649 18000 0 0   -1
2008 08 08 04 00 0800  52.200 -175.649 18000 0 0   -1
2008 08 08 04 00 0800  52.200 -175.649 18000 0 0   -1
2008 08 08 04 00 0800  52.139 -175.649 300 5.839e-05 0   -1
2008 08 08 04 00 0800  52.139 -175.649 300 4.964e-04 0   -1
2008 08 08 04 00 0800  52.139 -175.649 300 1.854e-03 0   -1
2008 08 08 04 00 0800  52.139 -175.649 300 4.891e-03 0   -1
2008 08 08 04 00 0800  52.139 -175.649 18000 0 0   -1
2008 08 08 04 00 0800  52.139 -175.649 18000 0 0   -1
2008 08 08 04 00 0800  52.139 -175.649 18000 0 0   -1
2008 08 08 04 00 0800  52.139 -175.649 18000 0 0   -1
2008 08 08 04 00 0800  52.091 -175.584 300 5.839e-05 0   -1
2008 08 08 04 00 0800  52.091 -175.584 300 4.964e-04 0   -1
2008 08 08 04 00 0800  52.091 -175.584 300 1.854e-03 0   -1
2008 08 08 04 00 0800  52.091 -175.584 300 4.891e-03 0   -1
2008 08 08 04 00 0800  52.091 -175.584 18000 0 0   -1
2008 08 08 04 00 0800  52.091 -175.584 18000 0 0   -1
2008 08 08 04 00 0800  52.091 -175.584 18000 0 0   -1
2008 08 08 04 00 0800  52.091 -175.584 18000 0 0   -1
2008 08 08 04 00 0800  52.081 -175.486 300 5.839e-05 0   -1
2008 08 08 04 00 0800  52.081 -175.486 300 4.964e-04 0   -1
2008 08 08 04 00 0800  52.081 -175.486 300 1.854e-03 0   -1
2008 08 08 04 00 0800  52.081 -175.486 300 4.891e-03 0   -1
2008 08 08 04 00 0800  52.081 -175.486 18000 0 0   -1
2008 08 08 04 00 0800  52.081 -175.486 18000 0 0   -1
2008 08 08 04 00 0800  52.081 -175.486 18000 0 0   -1
2008 08 08 04 00 0800  52.081 -175.486 18000 0 0   -1
2008 08 08 04 00 0800  52.111 -175.399 300 5.839e-05 0   -1
2008 08 08 04 00 0800  52.111 -175.399 300 4.964e-04 0   -1
2008 08 08 04 00 0800  52.111 -175.399 300 1.854e-03 0   -1
2008 08 08 04 00 0800  52.111 -175.399 300 4.891e-03 0   -1
2008 08 08 04 00 0800  52.111 -175.399 18000 0 0   -1
2008 08 08 04 00 0800  52.111 -175.399 18000 0 0   -1
2008 08 08 04 00 0800  52.111 -175.399 18000 0 0   -1
2008 08 08 04 00 0800  52.111 -175.399 18000 0 0   -1
2008 08 08 04 00 0800  52.169 -175.218 300 5.839e-05 0   -1
2008 08 08 04 00 0800  52.169 -175.218 300 4.964e-04 0   -1
2008 08 08 04 00 0800  52.169 -175.218 300 1.854e-03 0   -1
2008 08 08 04 00 0800  52.169 -175.218 300 4.891e-03 0   -1
2008 08 08 04 00 0800  52.169 -175.218 18000 0 0   -1
2008 08 08 04 00 0800  52.169 -175.218 18000 0 0   -1
2008 08 08 04 00 0800  52.169 -175.218 18000 0 0   -1
2008 08 08 04 00 0800  52.169 -175.218 18000 0 0   -1
2008 08 08 04 00 0800  52.231 -175.235 300 5.839e-05 0   -1
2008 08 08 04 00 0800  52.231 -175.235 300 4.964e-04 0   -1
2008 08 08 04 00 0800  52.231 -175.235 300 1.854e-03 0   -1
2008 08 08 04 00 0800  52.231 -175.235 300 4.891e-03 0   -1
2008 08 08 04 00 0800  52.231 -175.235 18000 0 0   -1
2008 08 08 04 00 0800  52.231 -175.235 18000 0 0   -1
2008 08 08 04 00 0800  52.231 -175.235 18000 0 0   -1
2008 08 08 04 00 0800  52.231 -175.235 18000 0 0   -1
2008 08 08 04 00 0800  52.285 -175.286 300 5.839e-05 0   -1
2008 08 08 04 00 0800  52.285 -175.286 300 4.964e-04 0   -1
2008 08 08 04 00 0800  52.285 -175.286 300 1.854e-03 0   -1
2008 08 08 04 00 0800  52.285 -175.286 300 4.891e-03 0   -1
2008 08 08 04 00 0800  52.285 -175.286 18000 0 0   -1
2008 08 08 04 00 0800  52.285 -175.286 18000 0 0   -1
2008 08 08 04 00 0800  52.285 -175.286 18000 0 0   -1
2008 08 08 04 00 0800  52.285 -175.286 18000 0 0   -1
2008 08 08 04 00 0800  52.325 -175.364 300 5.839e-05 0   -1
2008 08 08 04 00 0800  52.325 -175.364 300 4.964e-04 0   -1
2008 08 08 04 00 0800  52.325 -175.364 300 1.854e-03 0   -1
2008 08 08 04 00 0800  52.325 -175.364 300 4.891e-03 0   -1
2008 08 08 04 00 0800  52.325 -175.364 18000 0 0   -1
2008 08 08 04 00 0800  52.325 -175.364 18000 0 0   -1
2008 08 08 04 00 0800  52.325 -175.364 18000 0 0   -1
2008 08 08 04 00 0800  52.325 -175.364 18000 0 0   -1
2008 08 08 04 00 0800  52.346 -175.460 300 5.839e-05 0   -1
2008 08 08 04 00 0800  52.346 -175.460 300 4.964e-04 0   -1
2008 08 08 04 00 0800  52.346 -175.460 300 1.854e-03 0   -1
2008 08 08 04 00 0800  52.346 -175.460 300 4.891e-03 0   -1
2008 08 08 04 00 0800  52.346 -175.460 18000 0 0   -1
2008 08 08 04 00 0800  52.346 -175.460 18000 0 0   -1
2008 08 08 04 00 0800  52.346 -175.460 18000 0 0   -1
2008 08 08 04 00 0800  52.346 -175.460 18000 0 0   -1
2008 08 08 04 00 0800  52.346 -175.562 300 5.839e-05 0   -1
2008 08 08 04 00 0800  52.346 -175.562 300 4.964e-04 0   -1
2008 08 08 04 00 0800  52.346 -175.562 300 1.854e-03 0   -1
2008 08 08 04 00 0800  52.346 -175.562 300 4.891e-03 0   -1
2008 08 08 04 00 0800  52.346 -175.562 18000 0 0   -1
2008 08 08 04 00 0800  52.346 -175.562 18000 0 0   -1
2008 08 08 04 00 0800  52.346 -175.562 18000 0 0   -1
2008 08 08 04 00 0800  52.346 -175.562 18000 0 0   -1
2008 08 08 04 00 0800  52.325 -175.658 300 5.839e-05 0   -1
2008 08 08 04 00 0800  52.325 -175.658 300 4.964e-04 0   -1
2008 08 08 04 00 0800  52.325 -175.658 300 1.854e-03 0   -1
2008 08 08 04 00 0800  52.325 -175.658 300 4.891e-03 0   -1
2008 08 08 04 00 0800  52.325 -175.658 18000 0 0   -1
2008 08 08 04 00 0800  52.325 -175.658 18000 0 0   -1
2008 08 08 04 00 0800  52.325 -175.658 18000 0 0   -1
2008 08 08 04 00 0800  52.325 -175.658 18000 0 0   -1
2008 08 08 04 00 0800  52.285 -175.737 300 5.839e-05 0   -1
2008 08 08 04 00 0800  52.285 -175.737 300 4.964e-04 0   -1
2008 08 08 04 00 0800  52.285 -175.737 300 1.854e-03 0   -1
2008 08 08 04 00 0800  52.285 -175.737 300 4.891e-03 0   -1
2008 08 08 04 00 0800  52.285 -175.737 18000 0 0   -1
2008 08 08 04 00 0800  52.285 -175.737 18000 0 0   -1
2008 08 08 04 00 0800  52.285 -175.737 18000 0 0   -1
2008 08 08 04 00 0800  52.285 -175.737 18000 0 0   -1
2008 08 08 04 00 0800  52.231 -175.787 300 5.839e-05 0   -1
2008 08 08 04 00 0800  52.231 -175.787 300 4.964e-04 0   -1
2008 08 08 04 00 0800  52.231 -175.787 300 1.854e-03 0   -1
2008 08 08 04 00 0800  52.231 -175.787 300 4.891e-03 0   -1
2008 08 08 04 00 0800  52.231 -175.787 18000 0 0   -1
2008 08 08 04 00 0800  52.231 -175.787 18000 0 0   -1
2008 08 08 04 00 0800  52.231 -175.787 18000 0 0   -1
2008 08 08 04 00 0800  52.231 -175.787 18000 0 0   -1
2008 08 08 04 00 0800  52.169 -175.805 300 5.839e-05 0   -1
2008 08 08 04 00 0800  52.169 -175.805 300 4.964e-04 0   -1
2008 08 08 04 00 0800  52.169 -175.805 300 1.854e-03 0   -1
2008 08 08 04 00 0800  52.169 -175.805 300 4.891e-03 0   -1
2008 08 08 04 00 0800  52.169 -175.805 18000 0 0   -1
2008 08 08 04 00 0800  52.169 -175.805 18000 0 0   -1
2008 08 08 04 00 0800  52.169 -175.805 18000 0 0   -1
2008 08 08 04 00 0800  52.169 -175.805 18000 0 0   -1
2008 08 08 04 00 0800  52.108 -175.786 300 5.839e-05 0   -1
2008 08 08 04 00 0800  52.108 -175.786 300 4.964e-04 0   -1
2008 08 08 04 00 0800  52.108 -175.786 300 1.854e-03 0   -1
2008 08 08 04 00 0800  52.108 -175.786 300 4.891e-03 0   -1
2008 08 08 04 00 0800  52.108 -175.786 18000 0 0   -1
2008 08 08 04 00 0800  52.108 -175.786 18000 0 0   -1
2008 08 08 04 00 0800  52.108 -175.786 18000 0 0   -1
2008 08 08 04 00 0800  52.108 -175.786 18000 0 0   -1
2008 08 08 04 00 0800  52.054 -175.735 300 5.839e-05 0   -1
2008 08 08 04 00 0800  52.054 -175.735 300 4.964e-04 0   -1
2008 08 08 04 00 0800  52.054 -175.735 300 1.854e-03 0   -1
2008 08 08 04 00 0800  52.054 -175.735 300 4.891e-03 0   -1
2008 08 08 04 00 0800  52.054 -175.735 18000 0 0   -1
2008 08 08 04 00 0800  52.054 -175.735 18000 0 0   -1
2008 08 08 04 00 0800  52.054 -175.735 18000 0 0   -1
2008 08 08 04 00 0800  52.054 -175.735 18000 0 0   -1
2008 08 08 04 00 0800  52.014 -175.657 300 5.839e-05 0   -1
2008 08 08 04 00 0800  52.014 -175.657 300 4.964e-04 0   -1
2008 08 08 04 00 0800  52.014 -175.657 300 1.854e-03 0   -1
2008 08 08 04 00 0800  52.014 -175.657 300 4.891e-03 0   -1
2008 08 08 04 00 0800  52.014 -175.657 18000 0 0   -1
2008 08 08 04 00 0800  52.014 -175.657 18000 0 0   -1
2008 08 08 04 00 0800  52.014 -175.657 18000 0 0   -1
2008 08 08 04 00 0800  52.014 -175.657 18000 0 0   -1
2008 08 08 04 00 0800  51.992 -175.562 300 5.839e-05 0   -1
2008 08 08 04 00 0800  51.992 -175.562 300 4.964e-04 0   -1
2008 08 08 04 00 0800  51.992 -175.562 300 1.854e-03 0   -1
2008 08 08 04 00 0800  51.992 -175.562 300 4.891e-03 0   -1
2008 08 08 04 00 0800  51.992 -175.562 18000 0 0   -1
2008 08 08 04 00 0800  51.992 -175.562 18000 0 0   -1
2008 08 08 04 00 0800  51.992 -175.562 18000 0 0   -1
2008 08 08 04 00 0800  51.992 -175.562 18000 0 0   -1
2008 08 08 04 00 0800  51.992 -175.461 300 5.839e-05 0   -1
2008 08 08 04 00 0800  51.992 -175.461 300 4.964e-04 0   -1
2008 08 08 04 00 0800  51.992 -175.461 300 1.854e-03 0   -1
2008 08 08 04 00 0800  51.992 -175.461 300 4.891e-03 0   -1
2008 08 08 04 00 0800  51.992 -175.461 18000 0 0   -1
2008 08 08 04 00 0800  51.992 -175.461 18000 0 0   -1
2008 08 08 04 00 0800  51.992 -175.461 18000 0 0   -1
2008 08 08 04 00 0800  51.992 -175.461 18000 0 0   -1
2008 08 08 04 00 0800  52.014 -175.365 300 5.839e-05 0   -1
2008 08 08 04 00 0800  52.014 -175.365 300 4.964e-04 0   -1
2008 08 08 04 00 0800  52.014 -175.365 300 1.854e-03 0   -1
2008 08 08 04 00 0800  52.014 -175.365 300 4.891e-03 0   -1
2008 08 08 04 00 0800  52.014 -175.365 18000 0 0   -1
2008 08 08 04 00 0800  52.014 -175.365 18000 0 0   -1
2008 08 08 04 00 0800  52.014 -175.365 18000 0 0   -1
2008 08 08 04 00 0800  52.014 -175.365 18000 0 0   -1
2008 08 08 04 00 0800  52.054 -175.287 300 5.839e-05 0   -1
2008 08 08 04 00 0800  52.054 -175.287 300 4.964e-04 0   -1
2008 08 08 04 00 0800  52.054 -175.287 300 1.854e-03 0   -1
2008 08 08 04 00 0800  52.054 -175.287 300 4.891e-03 0   -1
2008 08 08 04 00 0800  52.054 -175.287 18000 0 0   -1
2008 08 08 04 00 0800  52.054 -175.287 18000 0 0   -1
2008 08 08 04 00 0800  52.054 -175.287 18000 0 0   -1
2008 08 08 04 00 0800  52.054 -175.287 18000 0 0   -1
2008 08 08 04 00 0800  52.108 -175.236 300 5.839e-05 0   -1
2008 08 08 04 00 0800  52.108 -175.236 300 4.964e-04 0   -1
2008 08 08 04 00 0800  52.108 -175.236 300 1.854e-03 0   -1
2008 08 08 04 00 0800  52.108 -175.236 300 4.891e-03 0   -1
2008 08 08 04 00 0800  52.108 -175.236 18000 0 0   -1
2008 08 08 04 00 0800  52.108 -175.236 18000 0 0   -1
2008 08 08 04 00 0800  52.108 -175.236 18000 0 0   -1
2008 08 08 04 00 0800  52.108 -175.236 18000 0 0   -1
2008 08 08 04 00 0800  52.169 -175.071 300 5.839e-05 0   -1
2008 08 08 04 00 0800  52.169 -175.071 300 4.964e-04 0   -1
2008 08 08 04 00 0800  52.169 -175.071 300 1.854e-03 0   -1
2008 08 08 04 00 0800  52.169 -175.071 300 4.891e-03 0   -1
2008 08 08 04 00 0800  52.169 -175.071 18000 0 0   -1
2008 08 08 04 00 0800  52.169 -175.071 18000 0 0   -1
2008 08 08 04 00 0800  52.169 -175.071 18000 0 0   -1
2008 08 08 04 00 0800  52.169 -175.071 18000 0 0   -1
2008 08 08 04 00 0800  52.230 -175.082 300 5.839e-05 0   -1
2008 08 08 04 00 0800  52.230 -175.082 300 4.964e-04 0   -1
2008 08 08 04 00 0800  52.230 -175.082 300 1.854e-03 0   -1
2008 08 08 04 00 0800  52.230 -175.082 300 4.891e-03 0   -1
2008 08 08 04 00 0800  52.230 -175.082 18000 0 0   -1
2008 08 08 04 00 0800  52.230 -175.082 18000 0 0   -1
2008 08 08 04 00 0800  52.230 -175.082 18000 0 0   -1
2008 08 08 04 00 0800  52.230 -175.082 18000 0 0   -1
2008 08 08 04 00 0800  52.288 -175.115 300 5.839e-05 0   -1
2008 08 08 04 00 0800  52.288 -175.115 300 4.964e-04 0   -1
2008 08 08 04 00 0800  52.288 -175.115 300 1.854e-03 0   -1
2008 08 08 04 00 0800  52.288 -175.115 300 4.891e-03 0   -1
2008 08 08 04 00 0800  52.288 -175.115 18000 0 0   -1
2008 08 08 04 00 0800  52.288 -175.115 18000 0 0   -1
2008 08 08 04 00 0800  52.288 -175.115 18000 0 0   -1
2008 08 08 04 00 0800  52.288 -175.115 18000 0 0   -1
2008 08 08 04 00 0800  52.339 -175.168 300 5.839e-05 0   -1
2008 08 08 04 00 0800  52.339 -175.168 300 4.964e-04 0   -1
2008 08 08 04 00 0800  52.339 -175.168 300 1.854e-03 0   -1
2008 08 08 04 00 0800  52.339 -175.168 300 4.891e-03 0   -1
2008 08 08 04 00 0800  52.339 -175.168 18000 0 0   -1
2008 08 08 04 00 0800  52.339 -175.168 18000 0 0   -1
2008 08 08 04 00 0800  52.339 -175.168 18000 0 0   -1
2008 08 08 04 00 0800  52.339 -175.168 18000 0 0   -1
2008 08 08 04 00 0800  52.382 -175.239 300 5.839e-05 0   -1
2008 08 08 04 00 0800  52.382 -175.239 300 4.964e-04 0   -1
2008 08 08 04 00 0800  52.382 -175.239 300 1.854e-03 0   -1
2008 08 08 04 00 0800  52.382 -175.239 300 4.891e-03 0   -1
2008 08 08 04 00 0800  52.382 -175.239 18000 0 0   -1
2008 08 08 04 00 0800  52.382 -175.239 18000 0 0   -1
2008 08 08 04 00 0800  52.382 -175.239 18000 0 0   -1
2008 08 08 04 00 0800  52.382 -175.239 18000 0 0   -1
2008 08 08 04 00 0800  52.414 -175.324 300 5.839e-05 0   -1
2008 08 08 04 00 0800  52.414 -175.324 300 4.964e-04 0   -1
2008 08 08 04 00 0800  52.414 -175.324 300 1.854e-03 0   -1
2008 08 08 04 00 0800  52.414 -175.324 300 4.891e-03 0   -1
2008 08 08 04 00 0800  52.414 -175.324 18000 0 0   -1
2008 08 08 04 00 0800  52.414 -175.324 18000 0 0   -1
2008 08 08 04 00 0800  52.414 -175.324 18000 0 0   -1
2008 08 08 04 00 0800  52.414 -175.324 18000 0 0   -1
2008 08 08 04 00 0800  52.433 -175.419 300 5.839e-05 0   -1
2008 08 08 04 00 0800  52.433 -175.419 300 4.964e-04 0   -1
2008 08 08 04 00 0800  52.433 -175.419 300 1.854e-03 0   -1
2008 08 08 04 00 0800  52.433 -175.419 300 4.891e-03 0   -1
2008 08 08 04 00 0800  52.433 -175.419 18000 0 0   -1
2008 08 08 04 00 0800  52.433 -175.419 18000 0 0   -1
2008 08 08 04 00 0800  52.433 -175.419 18000 0 0   -1
2008 08 08 04 00 0800  52.433 -175.419 18000 0 0   -1
2008 08 08 04 00 0800  52.439 -175.519 300 5.839e-05 0   -1
2008 08 08 04 00 0800  52.439 -175.519 300 4.964e-04 0   -1
2008 08 08 04 00 0800  52.439 -175.519 300 1.854e-03 0   -1
2008 08 08 04 00 0800  52.439 -175.519 300 4.891e-03 0   -1
2008 08 08 04 00 0800  52.439 -175.519 18000 0 0   -1
2008 08 08 04 00 0800  52.439 -175.519 18000 0 0   -1
2008 08 08 04 00 0800  52.439 -175.519 18000 0 0   -1
2008 08 08 04 00 0800  52.439 -175.519 18000 0 0   -1
2008 08 08 04 00 0800  52.431 -175.618 300 5.839e-05 0   -1
2008 08 08 04 00 0800  52.431 -175.618 300 4.964e-04 0   -1
2008 08 08 04 00 0800  52.431 -175.618 300 1.854e-03 0   -1
2008 08 08 04 00 0800  52.431 -175.618 300 4.891e-03 0   -1
2008 08 08 04 00 0800  52.431 -175.618 18000 0 0   -1
2008 08 08 04 00 0800  52.431 -175.618 18000 0 0   -1
2008 08 08 04 00 0800  52.431 -175.618 18000 0 0   -1
2008 08 08 04 00 0800  52.431 -175.618 18000 0 0   -1
2008 08 08 04 00 0800  52.410 -175.712 300 5.839e-05 0   -1
2008 08 08 04 00 0800  52.410 -175.712 300 4.964e-04 0   -1
2008 08 08 04 00 0800  52.410 -175.712 300 1.854e-03 0   -1
2008 08 08 04 00 0800  52.410 -175.712 300 4.891e-03 0   -1
2008 08 08 04 00 0800  52.410 -175.712 18000 0 0   -1
2008 08 08 04 00 0800  52.410 -175.712 18000 0 0   -1
2008 08 08 04 00 0800  52.410 -175.712 18000 0 0   -1
2008 08 08 04 00 0800  52.410 -175.712 18000 0 0   -1
2008 08 08 04 00 0800  52.376 -175.795 300 5.839e-05 0   -1
2008 08 08 04 00 0800  52.376 -175.795 300 4.964e-04 0   -1
2008 08 08 04 00 0800  52.376 -175.795 300 1.854e-03 0   -1
2008 08 08 04 00 0800  52.376 -175.795 300 4.891e-03 0   -1
2008 08 08 04 00 0800  52.376 -175.795 18000 0 0   -1
2008 08 08 04 00 0800  52.376 -175.795 18000 0 0   -1
2008 08 08 04 00 0800  52.376 -175.795 18000 0 0   -1
2008 08 08 04 00 0800  52.376 -175.795 18000 0 0   -1
2008 08 08 04 00 0800  52.332 -175.864 300 5.839e-05 0   -1
2008 08 08 04 00 0800  52.332 -175.864 300 4.964e-04 0   -1
2008 08 08 04 00 0800  52.332 -175.864 300 1.854e-03 0   -1
2008 08 08 04 00 0800  52.332 -175.864 300 4.891e-03 0   -1
2008 08 08 04 00 0800  52.332 -175.864 18000 0 0   -1
2008 08 08 04 00 0800  52.332 -175.864 18000 0 0   -1
2008 08 08 04 00 0800  52.332 -175.864 18000 0 0   -1
2008 08 08 04 00 0800  52.332 -175.864 18000 0 0   -1
2008 08 08 04 00 0800  52.279 -175.914 300 5.839e-05 0   -1
2008 08 08 04 00 0800  52.279 -175.914 300 4.964e-04 0   -1
2008 08 08 04 00 0800  52.279 -175.914 300 1.854e-03 0   -1
2008 08 08 04 00 0800  52.279 -175.914 300 4.891e-03 0   -1
2008 08 08 04 00 0800  52.279 -175.914 18000 0 0   -1
2008 08 08 04 00 0800  52.279 -175.914 18000 0 0   -1
2008 08 08 04 00 0800  52.279 -175.914 18000 0 0   -1
2008 08 08 04 00 0800  52.279 -175.914 18000 0 0   -1
2008 08 08 04 00 0800  52.221 -175.944 300 5.839e-05 0   -1
2008 08 08 04 00 0800  52.221 -175.944 300 4.964e-04 0   -1
2008 08 08 04 00 0800  52.221 -175.944 300 1.854e-03 0   -1
2008 08 08 04 00 0800  52.221 -175.944 300 4.891e-03 0   -1
2008 08 08 04 00 0800  52.221 -175.944 18000 0 0   -1
2008 08 08 04 00 0800  52.221 -175.944 18000 0 0   -1
2008 08 08 04 00 0800  52.221 -175.944 18000 0 0   -1
2008 08 08 04 00 0800  52.221 -175.944 18000 0 0   -1
2008 08 08 04 00 0800  52.160 -175.951 300 5.839e-05 0   -1
2008 08 08 04 00 0800  52.160 -175.951 300 4.964e-04 0   -1
2008 08 08 04 00 0800  52.160 -175.951 300 1.854e-03 0   -1
2008 08 08 04 00 0800  52.160 -175.951 300 4.891e-03 0   -1
2008 08 08 04 00 0800  52.160 -175.951 18000 0 0   -1
2008 08 08 04 00 0800  52.160 -175.951 18000 0 0   -1
2008 08 08 04 00 0800  52.160 -175.951 18000 0 0   -1
2008 08 08 04 00 0800  52.160 -175.951 18000 0 0   -1
2008 08 08 04 00 0800  52.099 -175.936 300 5.839e-05 0   -1
2008 08 08 04 00 0800  52.099 -175.936 300 4.964e-04 0   -1
2008 08 08 04 00 0800  52.099 -175.936 300 1.854e-03 0   -1
2008 08 08 04 00 0800  52.099 -175.936 300 4.891e-03 0   -1
2008 08 08 04 00 0800  52.099 -175.936 18000 0 0   -1
2008 08 08 04 00 0800  52.099 -175.936 18000 0 0   -1
2008 08 08 04 00 0800  52.099 -175.936 18000 0 0   -1
2008 08 08 04 00 0800  52.099 -175.936 18000 0 0   -1
2008 08 08 04 00 0800  52.043 -175.899 300 5.839e-05 0   -1
2008 08 08 04 00 0800  52.043 -175.899 300 4.964e-04 0   -1
2008 08 08 04 00 0800  52.043 -175.899 300 1.854e-03 0   -1
2008 08 08 04 00 0800  52.043 -175.899 300 4.891e-03 0   -1
2008 08 08 04 00 0800  52.043 -175.899 18000 0 0   -1
2008 08 08 04 00 0800  52.043 -175.899 18000 0 0   -1
2008 08 08 04 00 0800  52.043 -175.899 18000 0 0   -1
2008 08 08 04 00 0800  52.043 -175.899 18000 0 0   -1
2008 08 08 04 00 0800  51.992 -175.842 300 5.839e-05 0   -1
2008 08 08 04 00 0800  51.992 -175.842 300 4.964e-04 0   -1
2008 08 08 04 00 0800  51.992 -175.842 300 1.854e-03 0   -1
2008 08 08 04 00 0800  51.992 -175.842 300 4.891e-03 0   -1
2008 08 08 04 00 0800  51.992 -175.842 18000 0 0   -1
2008 08 08 04 00 0800  51.992 -175.842 18000 0 0   -1
2008 08 08 04 00 0800  51.992 -175.842 18000 0 0   -1
2008 08 08 04 00 0800  51.992 -175.842 18000 0 0   -1
2008 08 08 04 00 0800  51.951 -175.769 300 5.839e-05 0   -1
2008 08 08 04 00 0800  51.951 -175.769 300 4.964e-04 0   -1
2008 08 08 04 00 0800  51.951 -175.769 300 1.854e-03 0   -1
2008 08 08 04 00 0800  51.951 -175.769 300 4.891e-03 0   -1
2008 08 08 04 00 0800  51.951 -175.769 18000 0 0   -1
2008 08 08 04 00 0800  51.951 -175.769 18000 0 0   -1
2008 08 08 04 00 0800  51.951 -175.769 18000 0 0   -1
2008 08 08 04 00 0800  51.951 -175.769 18000 0 0   -1
2008 08 08 04 00 0800  51.921 -175.682 300 5.839e-05 0   -1
2008 08 08 04 00 0800  51.921 -175.682 300 4.964e-04 0   -1
2008 08 08 04 00 0800  51.921 -175.682 300 1.854e-03 0   -1
2008 08 08 04 00 0800  51.921 -175.682 300 4.891e-03 0   -1
2008 08 08 04 00 0800  51.921 -175.682 18000 0 0   -1
2008 08 08 04 00 0800  51.921 -175.682 18000 0 0   -1
2008 08 08 04 00 0800  51.921 -175.682 18000 0 0   -1
2008 08 08 04 00 0800  51.921 -175.682 18000 0 0   -1
2008 08 08 04 00 0800  51.904 -175.587 300 5.839e-05 0   -1
2008 08 08 04 00 0800  51.904 -175.587 300 4.964e-04 0   -1
2008 08 08 04 00 0800  51.904 -175.587 300 1.854e-03 0   -1
2008 08 08 04 00 0800  51.904 -175.587 300 4.891e-03 0   -1
2008 08 08 04 00 0800  51.904 -175.587 18000 0 0   -1
2008 08 08 04 00 0800  51.904 -175.587 18000 0 0   -1
2008 08 08 04 00 0800  51.904 -175.587 18000 0 0   -1
2008 08 08 04 00 0800  51.904 -175.587 18000 0 0   -1
2008 08 08 04 00 0800  51.900 -175.488 300 5.839e-05 0   -1
2008 08 08 04 00 0800  51.900 -175.488 300 4.964e-04 0   -1
2008 08 08 04 00 0800  51.900 -175.488 300 1.854e-03 0   -1
2008 08 08 04 00 0800  51.900 -175.488 300 4.891e-03 0   -1
2008 08 08 04 00 0800  51.900 -175.488 18000 0 0   -1
2008 08 08 04 00 0800  51.900 -175.488 18000 0 0   -1
2008 08 08 04 00 0800  51.900 -175.488 18000 0 0   -1
2008 08 08 04 00 0800  51.900 -175.488 18000 0 0   -1
2008 08 08 04 00 0800  51.910 -175.391 300 5.839e-05 0   -1
2008 08 08 04 00 0800  51.910 -175.391 300 4.964e-04 0   -1
2008 08 08 04 00 0800  51.910 -175.391 300 1.854e-03 0   -1
2008 08 08 04 00 0800  51.910 -175.391 300 4.891e-03 0   -1
2008 08 08 04 00 0800  51.910 -175.391 18000 0 0   -1
2008 08 08 04 00 0800  51.910 -175.391 18000 0 0   -1
2008 08 08 04 00 0800  51.910 -175.391 18000 0 0   -1
2008 08 08 04 00 0800  51.910 -175.391 18000 0 0   -1
2008 08 08 04 00 0800  51.933 -175.299 300 5.839e-05 0   -1
2008 08 08 04 00 0800  51.933 -175.299 300 4.964e-04 0   -1
2008 08 08 04 00 0800  51.933 -175.299 300 1.854e-03 0   -1
2008 08 08 04 00 0800  51.933 -175.299 300 4.891e-03 0   -1
2008 08 08 04 00 0800  51.933 -175.299 18000 0 0   -1
2008 08 08 04 00 0800  51.933 -175.299 18000 0 0   -1
2008 08 08 04 00 0800  51.933 -175.299 18000 0 0   -1
2008 08 08 04 00 0800  51.933 -175.299 18000 0 0   -1
2008 08 08 04 00 0800  51.969 -175.218 300 5.839e-05 0   -1
2008 08 08 04 00 0800  51.969 -175.218 300 4.964e-04 0   -1
2008 08 08 04 00 0800  51.969 -175.218 300 1.854e-03 0   -1
2008 08 08 04 00 0800  51.969 -175.218 300 4.891e-03 0   -1
2008 08 08 04 00 0800  51.969 -175.218 18000 0 0   -1
2008 08 08 04 00 0800  51.969 -175.218 18000 0 0   -1
2008 08 08 04 00 0800  51.969 -175.218 18000 0 0   -1
2008 08 08 04 00 0800  51.969 -175.218 18000 0 0   -1
2008 08 08 04 00 0800  52.015 -175.152 300 5.839e-05 0   -1
2008 08 08 04 00 0800  52.015 -175.152 300 4.964e-04 0   -1
2008 08 08 04 00 0800  52.015 -175.152 300 1.854e-03 0   -1
2008 08 08 04 00 0800  52.015 -175.152 300 4.891e-03 0   -1
2008 08 08 04 00 0800  52.015 -175.152 18000 0 0   -1
2008 08 08 04 00 0800  52.015 -175.152 18000 0 0   -1
2008 08 08 04 00 0800  52.015 -175.152 18000 0 0   -1
2008 08 08 04 00 0800  52.015 -175.152 18000 0 0   -1
2008 08 08 04 00 0800  52.068 -175.104 300 5.839e-05 0   -1
2008 08 08 04 00 0800  52.068 -175.104 300 4.964e-04 0   -1
2008 08 08 04 00 0800  52.068 -175.104 300 1.854e-03 0   -1
2008 08 08 04 00 0800  52.068 -175.104 300 4.891e-03 0   -1
2008 08 08 04 00 0800  52.068 -175.104 18000 0 0   -1
2008 08 08 04 00 0800  52.068 -175.104 18000 0 0   -1
2008 08 08 04 00 0800  52.068 -175.104 18000 0 0   -1
2008 08 08 04 00 0800  52.068 -175.104 18000 0 0   -1
2008 08 08 04 00 0800  52.127 -175.077 300 5.839e-05 0   -1
2008 08 08 04 00 0800  52.127 -175.077 300 4.964e-04 0   -1
2008 08 08 04 00 0800  52.127 -175.077 300 1.854e-03 0   -1
2008 08 08 04 00 0800  52.127 -175.077 300 4.891e-03 0   -1
2008 08 08 04 00 0800  52.127 -175.077 18000 0 0   -1
2008 08 08 04 00 0800  52.127 -175.077 18000 0 0   -1
2008 08 08 04 00 0800  52.127 -175.077 18000 0 0   -1
2008 08 08 04 00 0800  52.127 -175.077 18000 0 0   -1
2008 08 08 04 00 0800  52.169 -174.925 300 5.839e-05 0   -1
2008 08 08 04 00 0800  52.169 -174.925 300 4.964e-04 0   -1
2008 08 08 04 00 0800  52.169 -174.925 300 1.854e-03 0   -1
2008 08 08 04 00 0800  52.169 -174.925 300 4.891e-03 0   -1
2008 08 08 04 00 0800  52.169 -174.925 18000 0 0   -1
2008 08 08 04 00 0800  52.169 -174.925 18000 0 0   -1
2008 08 08 04 00 0800  52.169 -174.925 18000 0 0   -1
2008 08 08 04 00 0800  52.169 -174.925 18000 0 0   -1
2008 08 08 04 00 0800  52.232 -174.933 300 5.839e-05 0   -1
2008 08 08 04 00 0800  52.232 -174.933 300 4.964e-04 0   -1
2008 08 08 04 00 0800  52.232 -174.933 300 1.854e-03 0   -1
2008 08 08 04 00 0800  52.232 -174.933 300 4.891e-03 0   -1
2008 08 08 04 00 0800  52.232 -174.933 18000 0 0   -1
2008 08 08 04 00 0800  52.232 -174.933 18000 0 0   -1
2008 08 08 04 00 0800  52.232 -174.933 18000 0 0   -1
2008 08 08 04 00 0800  52.232 -174.933 18000 0 0   -1
2008 08 08 04 00 0800  52.292 -174.959 300 5.839e-05 0   -1
2008 08 08 04 00 0800  52.292 -174.959 300 4.964e-04 0   -1
2008 08 08 04 00 0800  52.292 -174.959 300 1.854e-03 0   -1
2008 08 08 04 00 0800  52.292 -174.959 300 4.891e-03 0   -1
2008 08 08 04 00 0800  52.292 -174.959 18000 0 0   -1
2008 08 08 04 00 0800  52.292 -174.959 18000 0 0   -1
2008 08 08 04 00 0800  52.292 -174.959 18000 0 0   -1
2008 08 08 04 00 0800  52.292 -174.959 18000 0 0   -1
2008 08 08 04 00 0800  52.349 -175.001 300 5.839e-05 0   -1
2008 08 08 04 00 0800  52.349 -175.001 300 4.964e-04 0   -1
2008 08 08 04 00 0800  52.349 -175.001 300 1.854e-03 0   -1
2008 08 08 04 00 0800  52.349 -175.001 300 4.891e-03 0   -1
2008 08 08 04 00 0800  52.349 -175.001 18000 0 0   -1
2008 08 08 04 00 0800  52.349 -175.001 18000 0 0   -1
2008 08 08 04 00 0800  52.349 -175.001 18000 0 0   -1
2008 08 08 04 00 0800  52.349 -175.001 18000 0 0   -1
2008 08 08 04 00 0800  52.401 -175.060 300 5.839e-05 0   -1
2008 08 08 04 00 0800  52.401 -175.060 300 4.964e-04 0   -1
2008 08 08 04 00 0800  52.401 -175.060 300 1.854e-03 0   -1
2008 08 08 04 00 0800  52.401 -175.060 300 4.891e-03 0   -1
2008 08 08 04 00 0800  52.401 -175.060 18000 0 0   -1
2008 08 08 04 00 0800  52.401 -175.060 18000 0 0   -1
2008 08 08 04 00 0800  52.401 -175.060 18000 0 0   -1
2008 08 08 04 00 0800  52.401 -175.060 18000 0 0   -1
2008 08 08 04 00 0800  52.445 -175.132 300 5.839e-05 0   -1
2008 08 08 04 00 0800  52.445 -175.132 300 4.964e-04 0   -1
2008 08 08 04 00 0800  52.445 -175.132 300 1.854e-03 0   -1
2008 08 08 04 00 0800  52.445 -175.132 300 4.891e-03 0   -1
2008 08 08 04 00 0800  52.445 -175.132 18000 0 0   -1
2008 08 08 04 00 0800  52.445 -175.132 18000 0 0   -1
2008 08 08 04 00 0800  52.445 -175.132 18000 0 0   -1
2008 08 08 04 00 0800  52.445 -175.132 18000 0 0   -1
2008 08 08 04 00 0800  52.481 -175.216 300 5.839e-05 0   -1
2008 08 08 04 00 0800  52.481 -175.216 300 4.964e-04 0   -1
2008 08 08 04 00 0800  52.481 -175.216 300 1.854e-03 0   -1
2008 08 08 04 00 0800  52.481 -175.216 300 4.891e-03 0   -1
2008 08 08 04 00 0800  52.481 -175.216 18000 0 0   -1
2008 08 08 04 00 0800  52.481 -175.216 18000 0 0   -1
2008 08 08 04 00 0800  52.481 -175.216 18000 0 0   -1
2008 08 08 04 00 0800  52.481 -175.216 18000 0 0   -1
2008 08 08 04 00 0800  52.507 -175.309 300 5.839e-05 0   -1
2008 08 08 04 00 0800  52.507 -175.309 300 4.964e-04 0   -1
2008 08 08 04 00 0800  52.507 -175.309 300 1.854e-03 0   -1
2008 08 08 04 00 0800  52.507 -175.309 300 4.891e-03 0   -1
2008 08 08 04 00 0800  52.507 -175.309 18000 0 0   -1
2008 08 08 04 00 0800  52.507 -175.309 18000 0 0   -1
2008 08 08 04 00 0800  52.507 -175.309 18000 0 0   -1
2008 08 08 04 00 0800  52.507 -175.309 18000 0 0   -1
2008 08 08 04 00 0800  52.524 -175.409 300 5.839e-05 0   -1
2008 08 08 04 00 0800  52.524 -175.409 300 4.964e-04 0   -1
2008 08 08 04 00 0800  52.524 -175.409 300 1.854e-03 0   -1
2008 08 08 04 00 0800  52.524 -175.409 300 4.891e-03 0   -1
2008 08 08 04 00 0800  52.524 -175.409 18000 0 0   -1
2008 08 08 04 00 0800  52.524 -175.409 18000 0 0   -1
2008 08 08 04 00 0800  52.524 -175.409 18000 0 0   -1
2008 08 08 04 00 0800  52.524 -175.409 18000 0 0   -1
2008 08 08 04 00 0800  52.529 -175.511 300 5.839e-05 0   -1
2008 08 08 04 00 0800  52.529 -175.511 300 4.964e-04 0   -1
2008 08 08 04 00 0800  52.529 -175.511 300 1.854e-03 0   -1
2008 08 08 04 00 0800  52.529 -175.511 300 4.891e-03 0   -1
2008 08 08 04 00 0800  52.529 -175.511 18000 0 0   -1
2008 08 08 04 00 0800  52.529 -175.511 18000 0 0   -1
2008 08 08 04 00 0800  52.529 -175.511 18000 0 0   -1
2008 08 08 04 00 0800  52.529 -175.511 18000 0 0   -1
2008 08 08 04 00 0800  52.524 -175.614 300 5.839e-05 0   -1
2008 08 08 04 00 0800  52.524 -175.614 300 4.964e-04 0   -1
2008 08 08 04 00 0800  52.524 -175.614 300 1.854e-03 0   -1
2008 08 08 04 00 0800  52.524 -175.614 300 4.891e-03 0   -1
2008 08 08 04 00 0800  52.524 -175.614 18000 0 0   -1
2008 08 08 04 00 0800  52.524 -175.614 18000 0 0   -1
2008 08 08 04 00 0800  52.524 -175.614 18000 0 0   -1
2008 08 08 04 00 0800  52.524 -175.614 18000 0 0   -1
2008 08 08 04 00 0800  52.507 -175.713 300 5.839e-05 0   -1
2008 08 08 04 00 0800  52.507 -175.713 300 4.964e-04 0   -1
2008 08 08 04 00 0800  52.507 -175.713 300 1.854e-03 0   -1
2008 08 08 04 00 0800  52.507 -175.713 300 4.891e-03 0   -1
2008 08 08 04 00 0800  52.507 -175.713 18000 0 0   -1
2008 08 08 04 00 0800  52.507 -175.713 18000 0 0   -1
2008 08 08 04 00 0800  52.507 -175.713 18000 0 0   -1
2008 08 08 04 00 0800  52.507 -175.713 18000 0 0   -1
2008 08 08 04 00 0800  52.481 -175.807 300 5.839e-05 0   -1
2008 08 08 04 00 0800  52.481 -175.807 300 4.964e-04 0   -1
2008 08 08 04 00 0800  52.481 -175.807 300 1.854e-03 0   -1
2008 08 08 04 00 0800  52.481 -175.807 300 4.891e-03 0   -1
2008 08 08 04 00 0800  52.481 -175.807 18000 0 0   -1
2008 08 08 04 00 0800  52.481 -175.807 18000 0 0   -1
2008 08 08 04 00 0800  52.481 -175.807 18000 0 0   -1
2008 08 08 04 00 0800  52.481 -175.807 18000 0 0   -1
2008 08 08 04 00 0800  52.445 -175.891 300 5.839e-05 0   -1
2008 08 08 04 00 0800  52.445 -175.891 300 4.964e-04 0   -1
2008 08 08 04 00 0800  52.445 -175.891 300 1.854e-03 0   -1
2008 08 08 04 00 0800  52.445 -175.891 300 4.891e-03 0   -1
2008 08 08 04 00 0800  52.445 -175.891 18000 0 0   -1
2008 08 08 04 00 0800  52.445 -175.891 18000 0 0   -1
2008 08 08 04 00 0800  52.445 -175.891 18000 0 0   -1
2008 08 08 04 00 0800  52.445 -175.891 18000 0 0   -1
2008 08 08 04 00 0800  52.401 -175.963 300 5.839e-05 0   -1
2008 08 08 04 00 0800  52.401 -175.963 300 4.964e-04 0   -1
2008 08 08 04 00 0800  52.401 -175.963 300 1.854e-03 0   -1
2008 08 08 04 00 0800  52.401 -175.963 300 4.891e-03 0   -1
2008 08 08 04 00 0800  52.401 -175.963 18000 0 0   -1
2008 08 08 04 00 0800  52.401 -175.963 18000 0 0   -1
2008 08 08 04 00 0800  52.401 -175.963 18000 0 0   -1
2008 08 08 04 00 0800  52.401 -175.963 18000 0 0   -1
2008 08 08 04 00 0800  52.349 -176.021 300 5.839e-05 0   -1
2008 08 08 04 00 0800  52.349 -176.021 300 4.964e-04 0   -1
2008 08 08 04 00 0800  52.349 -176.021 300 1.854e-03 0   -1
2008 08 08 04 00 0800  52.349 -176.021 300 4.891e-03 0   -1
2008 08 08 04 00 0800  52.349 -176.021 18000 0 0   -1
2008 08 08 04 00 0800  52.349 -176.021 18000 0 0   -1
2008 08 08 04 00 0800  52.349 -176.021 18000 0 0   -1
2008 08 08 04 00 0800  52.349 -176.021 18000 0 0   -1
2008 08 08 04 00 0800  52.292 -176.064 300 5.839e-05 0   -1
2008 08 08 04 00 0800  52.292 -176.064 300 4.964e-04 0   -1
2008 08 08 04 00 0800  52.292 -176.064 300 1.854e-03 0   -1
2008 08 08 04 00 0800  52.292 -176.064 300 4.891e-03 0   -1
2008 08 08 04 00 0800  52.292 -176.064 18000 0 0   -1
2008 08 08 04 00 0800  52.292 -176.064 18000 0 0   -1
2008 08 08 04 00 0800  52.292 -176.064 18000 0 0   -1
2008 08 08 04 00 0800  52.292 -176.064 18000 0 0   -1
2008 08 08 04 00 0800  52.232 -176.090 300 5.839e-05 0   -1
2008 08 08 04 00 0800  52.232 -176.090 300 4.964e-04 0   -1
2008 08 08 04 00 0800  52.232 -176.090 300 1.854e-03 0   -1
2008 08 08 04 00 0800  52.232 -176.090 300 4.891e-03 0   -1
2008 08 08 04 00 0800  52.232 -176.090 18000 0 0   -1
2008 08 08 04 00 0800  52.232 -176.090 18000 0 0   -1
2008 08 08 04 00 0800  52.232 -176.090 18000 0 0   -1
2008 08 08 04 00 0800  52.232 -176.090 18000 0 0   -1
2008 08 08 04 00 0800  52.169 -176.098 300 5.839e-05 0   -1
2008 08 08 04 00 0800  52.169 -176.098 300 4.964e-04 0   -1
2008 08 08 04 00 0800  52.169 -176.098 300 1.854e-03 0   -1
2008 08 08 04 00 0800  52.169 -176.098 300 4.891e-03 0   -1
2008 08 08 04 00 0800  52.169 -176.098 18000 0 0   -1
2008 08 08 04 00 0800  52.169 -176.098 18000 0 0   -1
2008 08 08 04 00 0800  52.169 -176.098 18000 0 0   -1
2008 08 08 04 00 0800  52.169 -176.098 18000 0 0   -1
2008 08 08 04 00 0800  52.107 -176.088 300 5.839e-05 0   -1
2008 08 08 04 00 0800  52.107 -176.088 300 4.964e-04 0   -1
2008 08 08 04 00 0800  52.107 -176.088 300 1.854e-03 0   -1
2008 08 08 04 00 0800  52.107 -176.088 300 4.891e-03 0   -1
2008 08 08 04 00 0800  52.107 -176.088 18000 0 0   -1
2008 08 08 04 00 0800  52.107 -176.088 18000 0 0   -1
2008 08 08 04 00 0800  52.107 -176.088 18000 0 0   -1
2008 08 08 04 00 0800  52.107 -176.088 18000 0 0   -1
2008 08 08 04 00 0800  52.046 -176.061 300 5.839e-05 0   -1
2008 08 08 04 00 0800  52.046 -176.061 300 4.964e-04 0   -1
2008 08 08 04 00 0800  52.046 -176.061 300 1.854e-03 0   -1
2008 08 08 04 00 0800  52.046 -176.061 300 4.891e-03 0   -1
2008 08 08 04 00 0800  52.046 -176.061 18000 0 0   -1
2008 08 08 04 00 0800  52.046 -176.061 18000 0 0   -1
2008 08 08 04 00 0800  52.046 -176.061 18000 0 0   -1
2008 08 08 04 00 0800  52.046 -176.061 18000 0 0   -1
2008 08 08 04 00 0800  51.989 -176.017 300 5.839e-05 0   -1
2008 08 08 04 00 0800  51.989 -176.017 300 4.964e-04 0   -1
2008 08 08 04 00 0800  51.989 -176.017 300 1.854e-03 0   -1
2008 08 08 04 00 0800  51.989 -176.017 300 4.891e-03 0   -1
2008 08 08 04 00 0800  51.989 -176.017 18000 0 0   -1
2008 08 08 04 00 0800  51.989 -176.017 18000 0 0   -1
2008 08 08 04 00 0800  51.989 -176.017 18000 0 0   -1
2008 08 08 04 00 0800  51.989 -176.017 18000 0 0   -1
2008 08 08 04 00 0800  51.938 -175.958 300 5.839e-05 0   -1
2008 08 08 04 00 0800  51.938 -175.958 300 4.964e-04 0   -1
2008 08 08 04 00 0800  51.938 -175.958 300 1.854e-03 0   -1
2008 08 08 04 00 0800  51.938 -175.958 300 4.891e-03 0   -1
2008 08 08 04 00 0800  51.938 -175.958 18000 0 0   -1
2008 08 08 04 00 0800  51.938 -175.958 18000 0 0   -1
2008 08 08 04 00 0800  51.938 -175.958 18000 0 0   -1
2008 08 08 04 00 0800  51.938 -175.958 18000 0 0   -1
2008 08 08 04 00 0800  51.894 -175.886 300 5.839e-05 0   -1
2008 08 08 04 00 0800  51.894 -175.886 300 4.964e-04 0   -1
2008 08 08 04 00 0800  51.894 -175.886 300 1.854e-03 0   -1
2008 08 08 04 00 0800  51.894 -175.886 300 4.891e-03 0   -1
2008 08 08 04 00 0800  51.894 -175.886 18000 0 0   -1
2008 08 08 04 00 0800  51.894 -175.886 18000 0 0   -1
2008 08 08 04 00 0800  51.894 -175.886 18000 0 0   -1
2008 08 08 04 00 0800  51.894 -175.886 18000 0 0   -1
2008 08 08 04 00 0800  51.858 -175.803 300 5.839e-05 0   -1
2008 08 08 04 00 0800  51.858 -175.803 300 4.964e-04 0   -1
2008 08 08 04 00 0800  51.858 -175.803 300 1.854e-03 0   -1
2008 08 08 04 00 0800  51.858 -175.803 300 4.891e-03 0   -1
2008 08 08 04 00 0800  51.858 -175.803 18000 0 0   -1
2008 08 08 04 00 0800  51.858 -175.803 18000 0 0   -1
2008 08 08 04 00 0800  51.858 -175.803 18000 0 0   -1
2008 08 08 04 00 0800  51.858 -175.803 18000 0 0   -1
2008 08 08 04 00 0800  51.831 -175.710 300 5.839e-05 0   -1
2008 08 08 04 00 0800  51.831 -175.710 300 4.964e-04 0   -1
2008 08 08 04 00 0800  51.831 -175.710 300 1.854e-03 0   -1
2008 08 08 04 00 0800  51.831 -175.710 300 4.891e-03 0   -1
2008 08 08 04 00 0800  51.831 -175.710 18000 0 0   -1
2008 08 08 04 00 0800  51.831 -175.710 18000 0 0   -1
2008 08 08 04 00 0800  51.831 -175.710 18000 0 0   -1
2008 08 08 04 00 0800  51.831 -175.710 18000 0 0   -1
2008 08 08 04 00 0800  51.815 -175.612 300 5.839e-05 0   -1
2008 08 08 04 00 0800  51.815 -175.612 300 4.964e-04 0   -1
2008 08 08 04 00 0800  51.815 -175.612 300 1.854e-03 0   -1
2008 08 08 04 00 0800  51.815 -175.612 300 4.891e-03 0   -1
2008 08 08 04 00 0800  51.815 -175.612 18000 0 0   -1
2008 08 08 04 00 0800  51.815 -175.612 18000 0 0   -1
2008 08 08 04 00 0800  51.815 -175.612 18000 0 0   -1
2008 08 08 04 00 0800  51.815 -175.612 18000 0 0   -1
2008 08 08 04 00 0800  51.810 -175.511 300 5.839e-05 0   -1
2008 08 08 04 00 0800  51.810 -175.511 300 4.964e-04 0   -1
2008 08 08 04 00 0800  51.810 -175.511 300 1.854e-03 0   -1
2008 08 08 04 00 0800  51.810 -175.511 300 4.891e-03 0   -1
2008 08 08 04 00 0800  51.810 -175.511 18000 0 0   -1
2008 08 08 04 00 0800  51.810 -175.511 18000 0 0   -1
2008 08 08 04 00 0800  51.810 -175.511 18000 0 0   -1
2008 08 08 04 00 0800  51.810 -175.511 18000 0 0   -1
2008 08 08 04 00 0800  51.815 -175.410 300 5.839e-05 0   -1
2008 08 08 04 00 0800  51.815 -175.410 300 4.964e-04 0   -1
2008 08 08 04 00 0800  51.815 -175.410 300 1.854e-03 0   -1
2008 08 08 04 00 0800  51.815 -175.410 300 4.891e-03 0   -1
2008 08 08 04 00 0800  51.815 -175.410 18000 0 0   -1
2008 08 08 04 00 0800  51.815 -175.410 18000 0 0   -1
2008 08 08 04 00 0800  51.815 -175.410 18000 0 0   -1
2008 08 08 04 00 0800  51.815 -175.410 18000 0 0   -1
2008 08 08 04 00 0800  51.831 -175.312 300 5.839e-05 0   -1
2008 08 08 04 00 0800  51.831 -175.312 300 4.964e-04 0   -1
2008 08 08 04 00 0800  51.831 -175.312 300 1.854e-03 0   -1
2008 08 08 04 00 0800  51.831 -175.312 300 4.891e-03 0   -1
2008 08 08 04 00 0800  51.831 -175.312 18000 0 0   -1
2008 08 08 04 00 0800  51.831 -175.312 18000 0 0   -1
2008 08 08 04 00 0800  51.831 -175.312 18000 0 0   -1
2008 08 08 04 00 0800  51.831 -175.312 18000 0 0   -1
2008 08 08 04 00 0800  51.858 -175.220 300 5.839e-05 0   -1
2008 08 08 04 00 0800  51.858 -175.220 300 4.964e-04 0   -1
2008 08 08 04 00 0800  51.858 -175.220 300 1.854e-03 0   -1
2008 08 08 04 00 0800  51.858 -175.220 300 4.891e-03 0   -1
2008 08 08 04 00 0800  51.858 -175.220 18000 0 0   -1
2008 08 08 04 00 0800  51.858 -175.220 18000 0 0   -1
2008 08 08 04 00 0800  51.858 -175.220 18000 0 0   -1
2008 08 08 04 00 0800  51.858 -175.220 18000 0 0   -1
2008 08 08 04 00 0800  51.894 -175.137 300 5.839e-05 0   -1
2008 08 08 04 00 0800  51.894 -175.137 300 4.964e-04 0   -1
2008 08 08 04 00 0800  51.894 -175.137 300 1.854e-03 0   -1
2008 08 08 04 00 0800  51.894 -175.137 300 4.891e-03 0   -1
2008 08 08 04 00 0800  51.894 -175.137 18000 0 0   -1
2008 08 08 04 00 0800  51.894 -175.137 18000 0 0   -1
2008 08 08 04 00 0800  51.894 -175.137 18000 0 0   -1
2008 08 08 04 00 0800  51.894 -175.137 18000 0 0   -1
2008 08 08 04 00 0800  51.938 -175.064 300 5.839e-05 0   -1
2008 08 08 04 00 0800  51.938 -175.064 300 4.964e-04 0   -1
2008 08 08 04 00 0800  51.938 -175.064 300 1.854e-03 0   -1
2008 08 08 04 00 0800  51.938 -175.064 300 4.891e-03 0   -1
2008 08 08 04 00 0800  51.938 -175.064 18000 0 0   -1
2008 08 08 04 00 0800  51.938 -175.064 18000 0 0   -1
2008 08 08 04 00 0800  51.938 -175.064 18000 0 0   -1
2008 08 08 04 00 0800  51.938 -175.064 18000 0 0   -1
2008 08 08 04 00 0800  51.989 -175.005 300 5.839e-05 0   -1
2008 08 08 04 00 0800  51.989 -175.005 300 4.964e-04 0   -1
2008 08 08 04 00 0800  51.989 -175.005 300 1.854e-03 0   -1
2008 08 08 04 00 0800  51.989 -175.005 300 4.891e-03 0   -1
2008 08 08 04 00 0800  51.989 -175.005 18000 0 0   -1
2008 08 08 04 00 0800  51.989 -175.005 18000 0 0   -1
2008 08 08 04 00 0800  51.989 -175.005 18000 0 0   -1
2008 08 08 04 00 0800  51.989 -175.005 18000 0 0   -1
2008 08 08 04 00 0800  52.046 -174.962 300 5.839e-05 0   -1
2008 08 08 04 00 0800  52.046 -174.962 300 4.964e-04 0   -1
2008 08 08 04 00 0800  52.046 -174.962 300 1.854e-03 0   -1
2008 08 08 04 00 0800  52.046 -174.962 300 4.891e-03 0   -1
2008 08 08 04 00 0800  52.046 -174.962 18000 0 0   -1
2008 08 08 04 00 0800  52.046 -174.962 18000 0 0   -1
2008 08 08 04 00 0800  52.046 -174.962 18000 0 0   -1
2008 08 08 04 00 0800  52.046 -174.962 18000 0 0   -1
2008 08 08 04 00 0800  52.107 -174.935 300 5.839e-05 0   -1
2008 08 08 04 00 0800  52.107 -174.935 300 4.964e-04 0   -1
2008 08 08 04 00 0800  52.107 -174.935 300 1.854e-03 0   -1
2008 08 08 04 00 0800  52.107 -174.935 300 4.891e-03 0   -1
2008 08 08 04 00 0800  52.107 -174.935 18000 0 0   -1
2008 08 08 04 00 0800  52.107 -174.935 18000 0 0   -1
2008 08 08 04 00 0800  52.107 -174.935 18000 0 0   -1
2008 08 08 04 00 0800  52.107 -174.935 18000 0 0   -1
2008 08 08 04 00 0800  52.169 -174.778 300 5.839e-05 0   -1
2008 08 08 04 00 0800  52.169 -174.778 300 4.964e-04 0   -1
2008 08 08 04 00 0800  52.169 -174.778 300 1.854e-03 0   -1
2008 08 08 04 00 0800  52.169 -174.778 300 4.891e-03 0   -1
2008 08 08 04 00 0800  52.169 -174.778 18000 0 0   -1
2008 08 08 04 00 0800  52.169 -174.778 18000 0 0   -1
2008 08 08 04 00 0800  52.169 -174.778 18000 0 0   -1
2008 08 08 04 00 0800  52.169 -174.778 18000 0 0   -1
2008 08 08 04 00 0800  52.232 -174.784 300 5.839e-05 0   -1
2008 08 08 04 00 0800  52.232 -174.784 300 4.964e-04 0   -1
2008 08 08 04 00 0800  52.232 -174.784 300 1.854e-03 0   -1
2008 08 08 04 00 0800  52.232 -174.784 300 4.891e-03 0   -1
2008 08 08 04 00 0800  52.232 -174.784 18000 0 0   -1
2008 08 08 04 00 0800  52.232 -174.784 18000 0 0   -1
2008 08 08 04 00 0800  52.232 -174.784 18000 0 0   -1
2008 08 08 04 00 0800  52.232 -174.784 18000 0 0   -1
2008 08 08 04 00 0800  52.293 -174.805 300 5.839e-05 0   -1
2008 08 08 04 00 0800  52.293 -174.805 300 4.964e-04 0   -1
2008 08 08 04 00 0800  52.293 -174.805 300 1.854e-03 0   -1
2008 08 08 04 00 0800  52.293 -174.805 300 4.891e-03 0   -1
2008 08 08 04 00 0800  52.293 -174.805 18000 0 0   -1
2008 08 08 04 00 0800  52.293 -174.805 18000 0 0   -1
2008 08 08 04 00 0800  52.293 -174.805 18000 0 0   -1
2008 08 08 04 00 0800  52.293 -174.805 18000 0 0   -1
2008 08 08 04 00 0800  52.352 -174.839 300 5.839e-05 0   -1
2008 08 08 04 00 0800  52.352 -174.839 300 4.964e-04 0   -1
2008 08 08 04 00 0800  52.352 -174.839 300 1.854e-03 0   -1
2008 08 08 04 00 0800  52.352 -174.839 300 4.891e-03 0   -1
2008 08 08 04 00 0800  52.352 -174.839 18000 0 0   -1
2008 08 08 04 00 0800  52.352 -174.839 18000 0 0   -1
2008 08 08 04 00 0800  52.352 -174.839 18000 0 0   -1
2008 08 08 04 00 0800  52.352 -174.839 18000 0 0   -1
2008 08 08 04 00 0800  52.408 -174.886 300 5.839e-05 0   -1
2008 08 08 04 00 0800  52.408 -174.886 300 4.964e-04 0   -1
2008 08 08 04 00 0800  52.408 -174.886 300 1.854e-03 0   -1
2008 08 08 04 00 0800  52.408 -174.886 300 4.891e-03 0   -1
2008 08 08 04 00 0800  52.408 -174.886 18000 0 0   -1
2008 08 08 04 00 0800  52.408 -174.886 18000 0 0   -1
2008 08 08 04 00 0800  52.408 -174.886 18000 0 0   -1
2008 08 08 04 00 0800  52.408 -174.886 18000 0 0   -1
2008 08 08 04 00 0800  52.458 -174.946 300 5.839e-05 0   -1
2008 08 08 04 00 0800  52.458 -174.946 300 4.964e-04 0   -1
2008 08 08 04 00 0800  52.458 -174.946 300 1.854e-03 0   -1
2008 08 08 04 00 0800  52.458 -174.946 300 4.891e-03 0   -1
2008 08 08 04 00 0800  52.458 -174.946 18000 0 0   -1
2008 08 08 04 00 0800  52.458 -174.946 18000 0 0   -1
2008 08 08 04 00 0800  52.458 -174.946 18000 0 0   -1
2008 08 08 04 00 0800  52.458 -174.946 18000 0 0   -1
2008 08 08 04 00 0800  52.503 -175.017 300 5.839e-05 0   -1
2008 08 08 04 00 0800  52.503 -175.017 300 4.964e-04 0   -1
2008 08 08 04 00 0800  52.503 -175.017 300 1.854e-03 0   -1
2008 08 08 04 00 0800  52.503 -175.017 300 4.891e-03 0   -1
2008 08 08 04 00 0800  52.503 -175.017 18000 0 0   -1
2008 08 08 04 00 0800  52.503 -175.017 18000 0 0   -1
2008 08 08 04 00 0800  52.503 -175.017 18000 0 0   -1
2008 08 08 04 00 0800  52.503 -175.017 18000 0 0   -1
2008 08 08 04 00 0800  52.542 -175.098 300 5.839e-05 0   -1
2008 08 08 04 00 0800  52.542 -175.098 300 4.964e-04 0   -1
2008 08 08 04 00 0800  52.542 -175.098 300 1.854e-03 0   -1
2008 08 08 04 00 0800  52.542 -175.098 300 4.891e-03 0   -1
2008 08 08 04 00 0800  52.542 -175.098 18000 0 0   -1
2008 08 08 04 00 0800  52.542 -175.098 18000 0 0   -1
2008 08 08 04 00 0800  52.542 -175.098 18000 0 0   -1
2008 08 08 04 00 0800  52.542 -175.098 18000 0 0   -1
2008 08 08 04 00 0800  52.573 -175.187 300 5.839e-05 0   -1
2008 08 08 04 00 0800  52.573 -175.187 300 4.964e-04 0   -1
2008 08 08 04 00 0800  52.573 -175.187 300 1.854e-03 0   -1
2008 08 08 04 00 0800  52.573 -175.187 300 4.891e-03 0   -1
2008 08 08 04 00 0800  52.573 -175.187 18000 0 0   -1
2008 08 08 04 00 0800  52.573 -175.187 18000 0 0   -1
2008 08 08 04 00 0800  52.573 -175.187 18000 0 0   -1
2008 08 08 04 00 0800  52.573 -175.187 18000 0 0   -1
2008 08 08 04 00 0800  52.597 -175.283 300 5.839e-05 0   -1
2008 08 08 04 00 0800  52.597 -175.283 300 4.964e-04 0   -1
2008 08 08 04 00 0800  52.597 -175.283 300 1.854e-03 0   -1
2008 08 08 04 00 0800  52.597 -175.283 300 4.891e-03 0   -1
2008 08 08 04 00 0800  52.597 -175.283 18000 0 0   -1
2008 08 08 04 00 0800  52.597 -175.283 18000 0 0   -1
2008 08 08 04 00 0800  52.597 -175.283 18000 0 0   -1
2008 08 08 04 00 0800  52.597 -175.283 18000 0 0   -1
2008 08 08 04 00 0800  52.612 -175.383 300 5.839e-05 0   -1
2008 08 08 04 00 0800  52.612 -175.383 300 4.964e-04 0   -1
2008 08 08 04 00 0800  52.612 -175.383 300 1.854e-03 0   -1
2008 08 08 04 00 0800  52.612 -175.383 300 4.891e-03 0   -1
2008 08 08 04 00 0800  52.612 -175.383 18000 0 0   -1
2008 08 08 04 00 0800  52.612 -175.383 18000 0 0   -1
2008 08 08 04 00 0800  52.612 -175.383 18000 0 0   -1
2008 08 08 04 00 0800  52.612 -175.383 18000 0 0   -1
2008 08 08 04 00 0800  52.619 -175.485 300 5.839e-05 0   -1
2008 08 08 04 00 0800  52.619 -175.485 300 4.964e-04 0   -1
2008 08 08 04 00 0800  52.619 -175.485 300 1.854e-03 0   -1
2008 08 08 04 00 0800  52.619 -175.485 300 4.891e-03 0   -1
2008 08 08 04 00 0800  52.619 -175.485 18000 0 0   -1
2008 08 08 04 00 0800  52.619 -175.485 18000 0 0   -1
2008 08 08 04 00 0800  52.619 -175.485 18000 0 0   -1
2008 08 08 04 00 0800  52.619 -175.485 18000 0 0   -1
2008 08 08 04 00 0800  52.616 -175.589 300 5.839e-05 0   -1
2008 08 08 04 00 0800  52.616 -175.589 300 4.964e-04 0   -1
2008 08 08 04 00 0800  52.616 -175.589 300 1.854e-03 0   -1
2008 08 08 04 00 0800  52.616 -175.589 300 4.891e-03 0   -1
2008 08 08 04 00 0800  52.616 -175.589 18000 0 0   -1
2008 08 08 04 00 0800  52.616 -175.589 18000 0 0   -1
2008 08 08 04 00 0800  52.616 -175.589 18000 0 0   -1
2008 08 08 04 00 0800  52.616 -175.589 18000 0 0   -1
2008 08 08 04 00 0800  52.606 -175.690 300 5.839e-05 0   -1
2008 08 08 04 00 0800  52.606 -175.690 300 4.964e-04 0   -1
2008 08 08 04 00 0800  52.606 -175.690 300 1.854e-03 0   -1
2008 08 08 04 00 0800  52.606 -175.690 300 4.891e-03 0   -1
2008 08 08 04 00 0800  52.606 -175.690 18000 0 0   -1
2008 08 08 04 00 0800  52.606 -175.690 18000 0 0   -1
2008 08 08 04 00 0800  52.606 -175.690 18000 0 0   -1
2008 08 08 04 00 0800  52.606 -175.690 18000 0 0   -1
2008 08 08 04 00 0800  52.586 -175.789 300 5.839e-05 0   -1
2008 08 08 04 00 0800  52.586 -175.789 300 4.964e-04 0   -1
2008 08 08 04 00 0800  52.586 -175.789 300 1.854e-03 0   -1
2008 08 08 04 00 0800  52.586 -175.789 300 4.891e-03 0   -1
2008 08 08 04 00 0800  52.586 -175.789 18000 0 0   -1
2008 08 08 04 00 0800  52.586 -175.789 18000 0 0   -1
2008 08 08 04 00 0800  52.586 -175.789 18000 0 0   -1
2008 08 08 04 00 0800  52.586 -175.789 18000 0 0   -1
2008 08 08 04 00 0800  52.559 -175.881 300 5.839e-05 0   -1
2008 08 08 04 00 0800  52.559 -175.881 300 4.964e-04 0   -1
2008 08 08 04 00 0800  52.559 -175.881 300 1.854e-03 0   -1
2008 08 08 04 00 0800  52.559 -175.881 300 4.891e-03 0   -1
2008 08 08 04 00 0800  52.559 -175.881 18000 0 0   -1
2008 08 08 04 00 0800  52.559 -175.881 18000 0 0   -1
2008 08 08 04 00 0800  52.559 -175.881 18000 0 0   -1
2008 08 08 04 00 0800  52.559 -175.881 18000 0 0   -1
2008 08 08 04 00 0800  52.524 -175.966 300 5.839e-05 0   -1
2008 08 08 04 00 0800  52.524 -175.966 300 4.964e-04 0   -1
2008 08 08 04 00 0800  52.524 -175.966 300 1.854e-03 0   -1
2008 08 08 04 00 0800  52.524 -175.966 300 4.891e-03 0   -1
2008 08 08 04 00 0800  52.524 -175.966 18000 0 0   -1
2008 08 08 04 00 0800  52.524 -175.966 18000 0 0   -1
2008 08 08 04 00 0800  52.524 -175.966 18000 0 0   -1
2008 08 08 04 00 0800  52.524 -175.966 18000 0 0   -1
2008 08 08 04 00 0800  52.482 -176.042 300 5.839e-05 0   -1
2008 08 08 04 00 0800  52.482 -176.042 300 4.964e-04 0   -1
2008 08 08 04 00 0800  52.482 -176.042 300 1.854e-03 0   -1
2008 08 08 04 00 0800  52.482 -176.042 300 4.891e-03 0   -1
2008 08 08 04 00 0800  52.482 -176.042 18000 0 0   -1
2008 08 08 04 00 0800  52.482 -176.042 18000 0 0   -1
2008 08 08 04 00 0800  52.482 -176.042 18000 0 0   -1
2008 08 08 04 00 0800  52.482 -176.042 18000 0 0   -1
2008 08 08 04 00 0800  52.434 -176.108 300 5.839e-05 0   -1
2008 08 08 04 00 0800  52.434 -176.108 300 4.964e-04 0   -1
2008 08 08 04 00 0800  52.434 -176.108 300 1.854e-03 0   -1
2008 08 08 04 00 0800  52.434 -176.108 300 4.891e-03 0   -1
2008 08 08 04 00 0800  52.434 -176.108 18000 0 0   -1
2008 08 08 04 00 0800  52.434 -176.108 18000 0 0   -1
2008 08 08 04 00 0800  52.434 -176.108 18000 0 0   -1
2008 08 08 04 00 0800  52.434 -176.108 18000 0 0   -1
2008 08 08 04 00 0800  52.380 -176.162 300 5.839e-05 0   -1
2008 08 08 04 00 0800  52.380 -176.162 300 4.964e-04 0   -1
2008 08 08 04 00 0800  52.380 -176.162 300 1.854e-03 0   -1
2008 08 08 04 00 0800  52.380 -176.162 300 4.891e-03 0   -1
2008 08 08 04 00 0800  52.380 -176.162 18000 0 0   -1
2008 08 08 04 00 0800  52.380 -176.162 18000 0 0   -1
2008 08 08 04 00 0800  52.380 -176.162 18000 0 0   -1
2008 08 08 04 00 0800  52.380 -176.162 18000 0 0   -1
2008 08 08 04 00 0800  52.323 -176.203 300 5.839e-05 0   -1
2008 08 08 04 00 0800  52.323 -176.203 300 4.964e-04 0   -1
2008 08 08 04 00 0800  52.323 -176.203 300 1.854e-03 0   -1
2008 08 08 04 00 0800  52.323 -176.203 300 4.891e-03 0   -1
2008 08 08 04 00 0800  52.323 -176.203 18000 0 0   -1
2008 08 08 04 00 0800  52.323 -176.203 18000 0 0   -1
2008 08 08 04 00 0800  52.323 -176.203 18000 0 0   -1
2008 08 08 04 00 0800  52.323 -176.203 18000 0 0   -1
2008 08 08 04 00 0800  52.263 -176.230 300 5.839e-05 0   -1
2008 08 08 04 00 0800  52.263 -176.230 300 4.964e-04 0   -1
2008 08 08 04 00 0800  52.263 -176.230 300 1.854e-03 0   -1
2008 08 08 04 00 0800  52.263 -176.230 300 4.891e-03 0   -1
2008 08 08 04 00 0800  52.263 -176.230 18000 0 0   -1
2008 08 08 04 00 0800  52.263 -176.230 18000 0 0   -1
2008 08 08 04 00 0800  52.263 -176.230 18000 0 0   -1
2008 08 08 04 00 0800  52.263 -176.230 18000 0 0   -1
2008 08 08 04 00 0800  52.201 -176.243 300 5.839e-05 0   -1
2008 08 08 04 00 0800  52.201 -176.243 300 4.964e-04 0   -1
2008 08 08 04 00 0800  52.201 -176.243 300 1.854e-03 0   -1
2008 08 08 04 00 0800  52.201 -176.243 300 4.891e-03 0   -1
2008 08 08 04 00 0800  52.201 -176.243 18000 0 0   -1
2008 08 08 04 00 0800  52.201 -176.243 18000 0 0   -1
2008 08 08 04 00 0800  52.201 -176.243 18000 0 0   -1
2008 08 08 04 00 0800  52.201 -176.243 18000 0 0   -1
2008 08 08 04 00 0800  52.138 -176.242 300 5.839e-05 0   -1
2008 08 08 04 00 0800  52.138 -176.242 300 4.964e-04 0   -1
2008 08 08 04 00 0800  52.138 -176.242 300 1.854e-03 0   -1
2008 08 08 04 00 0800  52.138 -176.242 300 4.891e-03 0   -1
2008 08 08 04 00 0800  52.138 -176.242 18000 0 0   -1
2008 08 08 04 00 0800  52.138 -176.242 18000 0 0   -1
2008 08 08 04 00 0800  52.138 -176.242 18000 0 0   -1
2008 08 08 04 00 0800  52.138 -176.242 18000 0 0   -1
2008 08 08 04 00 0800  52.076 -176.227 300 5.839e-05 0   -1
2008 08 08 04 00 0800  52.076 -176.227 300 4.964e-04 0   -1
2008 08 08 04 00 0800  52.076 -176.227 300 1.854e-03 0   -1
2008 08 08 04 00 0800  52.076 -176.227 300 4.891e-03 0   -1
2008 08 08 04 00 0800  52.076 -176.227 18000 0 0   -1
2008 08 08 04 00 0800  52.076 -176.227 18000 0 0   -1
2008 08 08 04 00 0800  52.076 -176.227 18000 0 0   -1
2008 08 08 04 00 0800  52.076 -176.227 18000 0 0   -1
2008 08 08 04 00 0800  52.016 -176.198 300 5.839e-05 0   -1
2008 08 08 04 00 0800  52.016 -176.198 300 4.964e-04 0   -1
2008 08 08 04 00 0800  52.016 -176.198 300 1.854e-03 0   -1
2008 08 08 04 00 0800  52.016 -176.198 300 4.891e-03 0   -1
2008 08 08 04 00 0800  52.016 -176.198 18000 0 0   -1
2008 08 08 04 00 0800  52.016 -176.198 18000 0 0   -1
2008 08 08 04 00 0800  52.016 -176.198 18000 0 0   -1
2008 08 08 04 00 0800  52.016 -176.198 18000 0 0   -1
2008 08 08 04 00 0800  51.958 -176.156 300 5.839e-05 0   -1
2008 08 08 04 00 0800  51.958 -176.156 300 4.964e-04 0   -1
2008 08 08 04 00 0800  51.958 -176.156 300 1.854e-03 0   -1
2008 08 08 04 00 0800  51.958 -176.156 300 4.891e-03 0   -1
2008 08 08 04 00 0800  51.958 -176.156 18000 0 0   -1
2008 08 08 04 00 0800  51.958 -176.156 18000 0 0   -1
2008 08 08 04 00 0800  51.958 -176.156 18000 0 0   -1
2008 08 08 04 00 0800  51.958 -176.156 18000 0 0   -1
2008 08 08 04 00 0800  51.905 -176.101 300 5.839e-05 0   -1
2008 08 08 04 00 0800  51.905 -176.101 300 4.964e-04 0   -1
2008 08 08 04 00 0800  51.905 -176.101 300 1.854e-03 0   -1
2008 08 08 04 00 0800  51.905 -176.101 300 4.891e-03 0   -1
2008 08 08 04 00 0800  51.905 -176.101 18000 0 0   -1
2008 08 08 04 00 0800  51.905 -176.101 18000 0 0   -1
2008 08 08 04 00 0800  51.905 -176.101 18000 0 0   -1
2008 08 08 04 00 0800  51.905 -176.101 18000 0 0   -1
2008 08 08 04 00 0800  51.857 -176.035 300 5.839e-05 0   -1
2008 08 08 04 00 0800  51.857 -176.035 300 4.964e-04 0   -1
2008 08 08 04 00 0800  51.857 -176.035 300 1.854e-03 0   -1
2008 08 08 04 00 0800  51.857 -176.035 300 4.891e-03 0   -1
2008 08 08 04 00 0800  51.857 -176.035 18000 0 0   -1
2008 08 08 04 00 0800  51.857 -176.035 18000 0 0   -1
2008 08 08 04 00 0800  51.857 -176.035 18000 0 0   -1
2008 08 08 04 00 0800  51.857 -176.035 18000 0 0   -1
2008 08 08 04 00 0800  51.815 -175.959 300 5.839e-05 0   -1
2008 08 08 04 00 0800  51.815 -175.959 300 4.964e-04 0   -1
2008 08 08 04 00 0800  51.815 -175.959 300 1.854e-03 0   -1
2008 08 08 04 00 0800  51.815 -175.959 300 4.891e-03 0   -1
2008 08 08 04 00 0800  51.815 -175.959 18000 0 0   -1
2008 08 08 04 00 0800  51.815 -175.959 18000 0 0   -1
2008 08 08 04 00 0800  51.815 -175.959 18000 0 0   -1
2008 08 08 04 00 0800  51.815 -175.959 18000 0 0   -1
2008 08 08 04 00 0800  51.780 -175.875 300 5.839e-05 0   -1
2008 08 08 04 00 0800  51.780 -175.875 300 4.964e-04 0   -1
2008 08 08 04 00 0800  51.780 -175.875 300 1.854e-03 0   -1
2008 08 08 04 00 0800  51.780 -175.875 300 4.891e-03 0   -1
2008 08 08 04 00 0800  51.780 -175.875 18000 0 0   -1
2008 08 08 04 00 0800  51.780 -175.875 18000 0 0   -1
2008 08 08 04 00 0800  51.780 -175.875 18000 0 0   -1
2008 08 08 04 00 0800  51.780 -175.875 18000 0 0   -1
2008 08 08 04 00 0800  51.752 -175.783 300 5.839e-05 0   -1
2008 08 08 04 00 0800  51.752 -175.783 300 4.964e-04 0   -1
2008 08 08 04 00 0800  51.752 -175.783 300 1.854e-03 0   -1
2008 08 08 04 00 0800  51.752 -175.783 300 4.891e-03 0   -1
2008 08 08 04 00 0800  51.752 -175.783 18000 0 0   -1
2008 08 08 04 00 0800  51.752 -175.783 18000 0 0   -1
2008 08 08 04 00 0800  51.752 -175.783 18000 0 0   -1
2008 08 08 04 00 0800  51.752 -175.783 18000 0 0   -1
2008 08 08 04 00 0800  51.733 -175.687 300 5.839e-05 0   -1
2008 08 08 04 00 0800  51.733 -175.687 300 4.964e-04 0   -1
2008 08 08 04 00 0800  51.733 -175.687 300 1.854e-03 0   -1
2008 08 08 04 00 0800  51.733 -175.687 300 4.891e-03 0   -1
2008 08 08 04 00 0800  51.733 -175.687 18000 0 0   -1
2008 08 08 04 00 0800  51.733 -175.687 18000 0 0   -1
2008 08 08 04 00 0800  51.733 -175.687 18000 0 0   -1
2008 08 08 04 00 0800  51.733 -175.687 18000 0 0   -1
2008 08 08 04 00 0800  51.722 -175.587 300 5.839e-05 0   -1
2008 08 08 04 00 0800  51.722 -175.587 300 4.964e-04 0   -1
2008 08 08 04 00 0800  51.722 -175.587 300 1.854e-03 0   -1
2008 08 08 04 00 0800  51.722 -175.587 300 4.891e-03 0   -1
2008 08 08 04 00 0800  51.722 -175.587 18000 0 0   -1
2008 08 08 04 00 0800  51.722 -175.587 18000 0 0   -1
2008 08 08 04 00 0800  51.722 -175.587 18000 0 0   -1
2008 08 08 04 00 0800  51.722 -175.587 18000 0 0   -1
2008 08 08 04 00 0800  51.720 -175.486 300 5.839e-05 0   -1
2008 08 08 04 00 0800  51.720 -175.486 300 4.964e-04 0   -1
2008 08 08 04 00 0800  51.720 -175.486 300 1.854e-03 0   -1
2008 08 08 04 00 0800  51.720 -175.486 300 4.891e-03 0   -1
2008 08 08 04 00 0800  51.720 -175.486 18000 0 0   -1
2008 08 08 04 00 0800  51.720 -175.486 18000 0 0   -1
2008 08 08 04 00 0800  51.720 -175.486 18000 0 0   -1
2008 08 08 04 00 0800  51.720 -175.486 18000 0 0   -1
2008 08 08 04 00 0800  51.726 -175.385 300 5.839e-05 0   -1
2008 08 08 04 00 0800  51.726 -175.385 300 4.964e-04 0   -1
2008 08 08 04 00 0800  51.726 -175.385 300 1.854e-03 0   -1
2008 08 08 04 00 0800  51.726 -175.385 300 4.891e-03 0   -1
2008 08 08 04 00 0800  51.726 -175.385 18000 0 0   -1
2008 08 08 04 00 0800  51.726 -175.385 18000 0 0   -1
2008 08 08 04 00 0800  51.726 -175.385 18000 0 0   -1
2008 08 08 04 00 0800  51.726 -175.385 18000 0 0   -1
2008 08 08 04 00 0800  51.742 -175.287 300 5.839e-05 0   -1
2008 08 08 04 00 0800  51.742 -175.287 300 4.964e-04 0   -1
2008 08 08 04 00 0800  51.742 -175.287 300 1.854e-03 0   -1
2008 08 08 04 00 0800  51.742 -175.287 300 4.891e-03 0   -1
2008 08 08 04 00 0800  51.742 -175.287 18000 0 0   -1
2008 08 08 04 00 0800  51.742 -175.287 18000 0 0   -1
2008 08 08 04 00 0800  51.742 -175.287 18000 0 0   -1
2008 08 08 04 00 0800  51.742 -175.287 18000 0 0   -1
2008 08 08 04 00 0800  51.765 -175.193 300 5.839e-05 0   -1
2008 08 08 04 00 0800  51.765 -175.193 300 4.964e-04 0   -1
2008 08 08 04 00 0800  51.765 -175.193 300 1.854e-03 0   -1
2008 08 08 04 00 0800  51.765 -175.193 300 4.891e-03 0   -1
2008 08 08 04 00 0800  51.765 -175.193 18000 0 0   -1
2008 08 08 04 00 0800  51.765 -175.193 18000 0 0   -1
2008 08 08 04 00 0800  51.765 -175.193 18000 0 0   -1
2008 08 08 04 00 0800  51.765 -175.193 18000 0 0   -1
2008 08 08 04 00 0800  51.797 -175.105 300 5.839e-05 0   -1
2008 08 08 04 00 0800  51.797 -175.105 300 4.964e-04 0   -1
2008 08 08 04 00 0800  51.797 -175.105 300 1.854e-03 0   -1
2008 08 08 04 00 0800  51.797 -175.105 300 4.891e-03 0   -1
2008 08 08 04 00 0800  51.797 -175.105 18000 0 0   -1
2008 08 08 04 00 0800  51.797 -175.105 18000 0 0   -1
2008 08 08 04 00 0800  51.797 -175.105 18000 0 0   -1
2008 08 08 04 00 0800  51.797 -175.105 18000 0 0   -1
2008 08 08 04 00 0800  51.835 -175.024 300 5.839e-05 0   -1
2008 08 08 04 00 0800  51.835 -175.024 300 4.964e-04 0   -1
2008 08 08 04 00 0800  51.835 -175.024 300 1.854e-03 0   -1
2008 08 08 04 00 0800  51.835 -175.024 300 4.891e-03 0   -1
2008 08 08 04 00 0800  51.835 -175.024 18000 0 0   -1
2008 08 08 04 00 0800  51.835 -175.024 18000 0 0   -1
2008 08 08 04 00 0800  51.835 -175.024 18000 0 0   -1
2008 08 08 04 00 0800  51.835 -175.024 18000 0 0   -1
2008 08 08 04 00 0800  51.880 -174.953 300 5.839e-05 0   -1
2008 08 08 04 00 0800  51.880 -174.953 300 4.964e-04 0   -1
2008 08 08 04 00 0800  51.880 -174.953 300 1.854e-03 0   -1
2008 08 08 04 00 0800  51.880 -174.953 300 4.891e-03 0   -1
2008 08 08 04 00 0800  51.880 -174.953 18000 0 0   -1
2008 08 08 04 00 0800  51.880 -174.953 18000 0 0   -1
2008 08 08 04 00 0800  51.880 -174.953 18000 0 0   -1
2008 08 08 04 00 0800  51.880 -174.953 18000 0 0   -1
2008 08 08 04 00 0800  51.931 -174.893 300 5.839e-05 0   -1
2008 08 08 04 00 0800  51.931 -174.893 300 4.964e-04 0   -1
2008 08 08 04 00 0800  51.931 -174.893 300 1.854e-03 0   -1
2008 08 08 04 00 0800  51.931 -174.893 300 4.891e-03 0   -1
2008 08 08 04 00 0800  51.931 -174.893 18000 0 0   -1
2008 08 08 04 00 0800  51.931 -174.893 18000 0 0   -1
2008 08 08 04 00 0800  51.931 -174.893 18000 0 0   -1
2008 08 08 04 00 0800  51.931 -174.893 18000 0 0   -1
2008 08 08 04 00 0800  51.986 -174.844 300 5.839e-05 0   -1
2008 08 08 04 00 0800  51.986 -174.844 300 4.964e-04 0   -1
2008 08 08 04 00 0800  51.986 -174.844 300 1.854e-03 0   -1
2008 08 08 04 00 0800  51.986 -174.844 300 4.891e-03 0   -1
2008 08 08 04 00 0800  51.986 -174.844 18000 0 0   -1
2008 08 08 04 00 0800  51.986 -174.844 18000 0 0   -1
2008 08 08 04 00 0800  51.986 -174.844 18000 0 0   -1
2008 08 08 04 00 0800  51.986 -174.844 18000 0 0   -1
2008 08 08 04 00 0800  52.045 -174.809 300 5.839e-05 0   -1
2008 08 08 04 00 0800  52.045 -174.809 300 4.964e-04 0   -1
2008 08 08 04 00 0800  52.045 -174.809 300 1.854e-03 0   -1
2008 08 08 04 00 0800  52.045 -174.809 300 4.891e-03 0   -1
2008 08 08 04 00 0800  52.045 -174.809 18000 0 0   -1
2008 08 08 04 00 0800  52.045 -174.809 18000 0 0   -1
2008 08 08 04 00 0800  52.045 -174.809 18000 0 0   -1
2008 08 08 04 00 0800  52.045 -174.809 18000 0 0   -1
2008 08 08 04 00 0800  52.107 -174.786 300 5.839e-05 0   -1
2008 08 08 04 00 0800  52.107 -174.786 300 4.964e-04 0   -1
2008 08 08 04 00 0800  52.107 -174.786 300 1.854e-03 0   -1
2008 08 08 04 00 0800  52.107 -174.786 300 4.891e-03 0   -1
2008 08 08 04 00 0800  52.107 -174.786 18000 0 0   -1
2008 08 08 04 00 0800  52.107 -174.786 18000 0 0   -1
2008 08 08 04 00 0800  52.107 -174.786 18000 0 0   -1
2008 08 08 04 00 0800  52.107 -174.786 18000 0 0   -1
