\datem\exp_data\captex\captex5.txt           
year mn dy  shr  dur   lat     lon    pmch  stn
1983 10 26 0900 0600 42.67  -81.15      .0  454
1983 10 26 0900 0600 43.52  -79.92      .0  554
1983 10 26 0900 0600 43.98  -80.75    15.6  556
1983 10 26 0900 0600 43.92  -78.67      .0  652
1983 10 26 0900 0600 44.23  -78.37  2605.2  653
1983 10 26 0900 0600 44.62  -79.53   202.8  654
1983 10 26 0900 0600 43.98  -77.22    46.8  752
1983 10 26 0900 0600 44.28  -77.78      .0  754
1983 10 26 0900 0600 44.93  -78.72  2527.2  756
1983 10 26 0900 0600 44.48  -76.03      .0  852
1983 10 26 0900 0600 45.55  -75.52      .0  952
1983 10 26 0900 0600 45.98  -74.00      .0   52
1983 10 26 1200 0600 41.83  -75.87      .0  706
1983 10 26 1200 0600 41.27  -73.80      .0  904
1983 10 26 1500 0600 41.20  -79.43      .0  408
1983 10 26 1500 0600 42.08  -80.18      .0  412
1983 10 26 1500 0600 42.67  -81.15      .0  454
1983 10 26 1500 0600 41.80  -78.63      .0  508
1983 10 26 1500 0600 42.25  -78.80      .0  510
1983 10 26 1500 0600 43.52  -79.92      .0  554
1983 10 26 1500 0600 43.98  -80.75      .0  556
1983 10 26 1500 0600 41.98  -77.57    15.6  608
1983 10 26 1500 0600 42.42  -77.57      .0  610
1983 10 26 1500 0600 43.03  -78.18      .0  614
1983 10 26 1500 0600 43.92  -78.67      .0  652
1983 10 26 1500 0600 44.23  -78.37  3432.0  653
1983 10 26 1500 0600 44.62  -79.53      .0  654
1983 10 26 1500 0600 42.45  -76.45      .0  708
1983 10 26 1500 0600 43.07  -76.83      .0  710
1983 10 26 1500 0600 43.98  -77.22  7066.8  752
1983 10 26 1500 0600 44.28  -77.78  6723.6  754
1983 10 26 1500 0600 44.93  -78.72  7176.0  756
1983 10 26 1500 0600 40.90  -74.60      .0  804
1983 10 26 1500 0600 41.30  -74.67      .0  805
1983 10 26 1500 0600 41.63  -74.80      .0  806
1983 10 26 1500 0600 42.08  -74.97      .0  807
1983 10 26 1500 0600 42.92  -75.12    31.2  809
1983 10 26 1500 0600 43.23  -75.40   920.4  810
1983 10 26 1500 0600 44.48  -76.03      .0  852
1983 10 26 1500 0600 43.05  -74.20    78.0  908
1983 10 26 1500 0600 44.80  -75.00      .0  912
1983 10 26 1500 0600 45.55  -75.52      .0  952
1983 10 26 1500 0600 41.95  -72.30      .0    4
1983 10 26 1500 0600 44.90  -73.80      .0   10
1983 10 26 1500 0600 45.98  -74.00      .0   52
1983 10 26 1500 0600 44.93  -72.20      .0  108
1983 10 26 1800 0600 41.83  -75.87    15.6  706
1983 10 26 1800 0600 41.27  -73.80      .0  904
1983 10 26 2100 0600 40.43  -79.15      .0  404
1983 10 26 2100 0600 40.82  -79.53      .0  406
1983 10 26 2100 0600 41.20  -79.43      .0  408
1983 10 26 2100 0600 42.08  -80.18      .0  412
1983 10 26 2100 0600 42.67  -81.15      .0  454
1983 10 26 2100 0600 40.20  -78.25      .0  502
1983 10 26 2100 0600 40.67  -78.23      .0  504
1983 10 26 2100 0600 41.30  -78.48      .0  506
1983 10 26 2100 0600 42.25  -78.80      .0  510
1983 10 26 2100 0600 43.52  -79.92      .0  554
1983 10 26 2100 0600 43.98  -80.75    15.6  556
1983 10 26 2100 0600 39.92  -76.75      .0  602
1983 10 26 2100 0600 41.25  -76.92      .0  606
1983 10 26 2100 0600 41.98  -77.57      .0  608
1983 10 26 2100 0600 42.42  -77.57      .0  610
1983 10 26 2100 0600 43.03  -78.18      .0  614
1983 10 26 2100 0600 43.92  -78.67      .0  652
1983 10 26 2100 0600 44.23  -78.37      .0  653
1983 10 26 2100 0600 40.37  -75.93      .0  702
1983 10 26 2100 0600 40.78  -74.67      .0  703
1983 10 26 2100 0600 41.02  -75.90      .0  704
1983 10 26 2100 0600 42.45  -76.45    15.6  708
1983 10 26 2100 0600 43.07  -76.83      .0  710
1983 10 26 2100 0600 43.98  -77.22    62.4  752
1983 10 26 2100 0600 44.68  -77.15      .0  753
1983 10 26 2100 0600 44.28  -77.78      .0  754
1983 10 26 2100 0600 44.93  -78.72    62.4  756
1983 10 26 2100 0600 39.93  -74.70      .0  802
1983 10 26 2100 0600 40.45  -74.80      .0  803
1983 10 26 2100 0600 40.90  -74.60      .0  804
1983 10 26 2100 0600 41.30  -74.67      .0  805
1983 10 26 2100 0600 41.63  -74.80      .0  806
1983 10 26 2100 0600 42.08  -74.97      .0  807
1983 10 26 2100 0600 42.47  -75.07      .0  808
1983 10 26 2100 0600 42.92  -75.12   156.0  809
1983 10 26 2100 0600 43.23  -75.40  1138.8  810
1983 10 26 2100 0600 43.58  -75.52  5116.8  811
1983 10 26 2100 0600 44.48  -76.03      .0  852
1983 10 26 2100 0600 40.67  -73.52      .0  902
1983 10 26 2100 0600 43.05  -74.20  5990.4  908
1983 10 26 2100 0600 43.97  -74.10      .0  910
1983 10 26 2100 0600 44.80  -75.00      .0  912
1983 10 26 2100 0600 45.55  -75.52      .0  952
1983 10 26 2100 0600 41.10  -72.37      .0    2
1983 10 26 2100 0600 41.95  -72.30    15.6    4
1983 10 26 2100 0600 44.90  -73.80      .0   10
1983 10 26 2100 0600 45.98  -74.00      .0   52
1983 10 26 2100 0600 41.73  -71.43      .0  102
1983 10 26 2100 0600 42.70  -71.17    15.6  104
1983 10 26 2100 0600 44.27  -71.30      .0  106
1983 10 26 2100 0600 44.40  -71.18      .0  107
1983 10 26 2100 0600 44.93  -72.20      .0  108
1983 10 27 0000 0600 41.83  -75.87    31.2  706
1983 10 27 0000 0600 41.27  -73.80      .0  904
1983 10 27 0300 0600 40.43  -79.15      .0  404
1983 10 27 0300 0600 40.82  -79.53      .0  406
1983 10 27 0300 0600 41.20  -79.43      .0  408
1983 10 27 0300 0600 42.08  -80.18      .0  412
1983 10 27 0300 0600 42.67  -81.15      .0  454
1983 10 27 0300 0600 40.20  -78.25      .0  502
1983 10 27 0300 0600 40.67  -78.23      .0  504
1983 10 27 0300 0600 41.30  -78.48      .0  506
1983 10 27 0300 0600 42.25  -78.80      .0  510
1983 10 27 0300 0600 43.52  -79.92      .0  554
1983 10 27 0300 0600 43.98  -80.75    15.6  556
1983 10 27 0300 0600 39.92  -76.75      .0  602
1983 10 27 0300 0600 41.25  -76.92    31.2  606
1983 10 27 0300 0600 41.98  -77.57    15.6  608
1983 10 27 0300 0600 42.42  -77.57      .0  610
1983 10 27 0300 0600 43.03  -78.18    15.6  614
1983 10 27 0300 0600 43.92  -78.67      .0  652
1983 10 27 0300 0600 44.23  -78.37      .0  653
1983 10 27 0300 0600 44.62  -79.53      .0  654
1983 10 27 0300 0600 40.37  -75.93      .0  702
1983 10 27 0300 0600 40.78  -74.67      .0  703
1983 10 27 0300 0600 41.02  -75.90      .0  704
1983 10 27 0300 0600 42.45  -76.45      .0  708
1983 10 27 0300 0600 43.07  -76.83      .0  710
1983 10 27 0300 0600 44.68  -77.15      .0  753
1983 10 27 0300 0600 44.28  -77.78    15.6  754
1983 10 27 0300 0600 44.93  -78.72    78.0  756
1983 10 27 0300 0600 39.93  -74.70      .0  802
1983 10 27 0300 0600 40.45  -74.80      .0  803
1983 10 27 0300 0600 40.90  -74.60      .0  804
1983 10 27 0300 0600 41.30  -74.67      .0  805
1983 10 27 0300 0600 41.63  -74.80      .0  806
1983 10 27 0300 0600 42.08  -74.97      .0  807
1983 10 27 0300 0600 42.47  -75.07      .0  808
1983 10 27 0300 0600 42.92  -75.12   109.2  809
1983 10 27 0300 0600 43.23  -75.40    93.6  810
1983 10 27 0300 0600 43.58  -75.52      .0  811
1983 10 27 0300 0600 44.48  -76.03      .0  852
1983 10 27 0300 0600 40.67  -73.52      .0  902
1983 10 27 0300 0600 43.05  -74.20   187.2  908
1983 10 27 0300 0600 43.97  -74.10      .0  910
1983 10 27 0300 0600 44.80  -75.00      .0  912
1983 10 27 0300 0600 45.55  -75.52      .0  952
1983 10 27 0300 0600 41.10  -72.37      .0    2
1983 10 27 0300 0600 41.95  -72.30    31.2    4
1983 10 27 0300 0600 45.98  -74.00      .0   52
1983 10 27 0300 0600 41.73  -71.43    46.8  102
1983 10 27 0300 0600 42.70  -71.17   514.8  104
1983 10 27 0300 0600 44.27  -71.30      .0  106
1983 10 27 0300 0600 44.40  -71.18      .0  107
1983 10 27 0300 0600 44.93  -72.20      .0  108
1983 10 27 0600 0600 41.83  -75.87      .0  706
1983 10 27 0600 0600 41.27  -73.80      .0  904
1983 10 27 0900 0600 40.43  -79.15      .0  404
1983 10 27 0900 0600 40.82  -79.53      .0  406
1983 10 27 0900 0600 41.20  -79.43      .0  408
1983 10 27 0900 0600 42.08  -80.18      .0  412
1983 10 27 0900 0600 42.67  -81.15      .0  454
1983 10 27 0900 0600 40.20  -78.25      .0  502
1983 10 27 0900 0600 40.67  -78.23      .0  504
1983 10 27 0900 0600 41.30  -78.48      .0  506
1983 10 27 0900 0600 42.25  -78.80      .0  510
1983 10 27 0900 0600 43.52  -79.92      .0  554
1983 10 27 0900 0600 43.98  -80.75    15.6  556
1983 10 27 0900 0600 39.92  -76.75    15.6  602
1983 10 27 0900 0600 41.25  -76.92    31.2  606
1983 10 27 0900 0600 41.98  -77.57    15.6  608
1983 10 27 0900 0600 42.42  -77.57      .0  610
1983 10 27 0900 0600 43.03  -78.18    15.6  614
1983 10 27 0900 0600 43.92  -78.67      .0  652
1983 10 27 0900 0600 44.23  -78.37      .0  653
1983 10 27 0900 0600 44.62  -79.53      .0  654
1983 10 27 0900 0600 40.37  -75.93      .0  702
1983 10 27 0900 0600 40.78  -74.67      .0  703
1983 10 27 0900 0600 41.02  -75.90      .0  704
1983 10 27 0900 0600 42.45  -76.45    15.6  708
1983 10 27 0900 0600 43.07  -76.83      .0  710
1983 10 27 0900 0600 44.68  -77.15      .0  753
1983 10 27 0900 0600 44.28  -77.78    15.6  754
1983 10 27 0900 0600 44.93  -78.72    31.2  756
1983 10 27 0900 0600 39.93  -74.70      .0  802
1983 10 27 0900 0600 40.45  -74.80      .0  803
1983 10 27 0900 0600 40.90  -74.60      .0  804
1983 10 27 0900 0600 41.30  -74.67      .0  805
1983 10 27 0900 0600 41.63  -74.80      .0  806
1983 10 27 0900 0600 42.08  -74.97      .0  807
1983 10 27 0900 0600 42.47  -75.07      .0  808
1983 10 27 0900 0600 42.92  -75.12    78.0  809
1983 10 27 0900 0600 43.23  -75.40      .0  810
1983 10 27 0900 0600 43.58  -75.52      .0  811
1983 10 27 0900 0600 44.48  -76.03      .0  852
1983 10 27 0900 0600 40.67  -73.52      .0  902
1983 10 27 0900 0600 43.97  -74.10      .0  910
1983 10 27 0900 0600 44.80  -75.00      .0  912
1983 10 27 0900 0600 45.55  -75.52      .0  952
1983 10 27 0900 0600 41.10  -72.37      .0    2
1983 10 27 0900 0600 41.95  -72.30    46.8    4
1983 10 27 0900 0600 45.98  -74.00      .0   52
1983 10 27 0900 0600 41.73  -71.43    31.2  102
1983 10 27 0900 0600 42.70  -71.17  1950.0  104
1983 10 27 0900 0600 44.27  -71.30      .0  106
1983 10 27 0900 0600 44.40  -71.18      .0  107
1983 10 27 0900 0600 44.93  -72.20      .0  108
1983 10 27 1200 0600 41.83  -75.87    31.2  706
1983 10 27 1200 0600 41.27  -73.80      .0  904
1983 10 27 1500 0600 40.43  -79.15      .0  404
1983 10 27 1500 0600 40.82  -79.53      .0  406
1983 10 27 1500 0600 41.20  -79.43      .0  408
1983 10 27 1500 0600 42.08  -80.18      .0  412
1983 10 27 1500 0600 42.67  -81.15      .0  454
1983 10 27 1500 0600 40.20  -78.25      .0  502
1983 10 27 1500 0600 40.67  -78.23      .0  504
1983 10 27 1500 0600 41.30  -78.48      .0  506
1983 10 27 1500 0600 42.25  -78.80      .0  510
1983 10 27 1500 0600 43.52  -79.92      .0  554
1983 10 27 1500 0600 43.98  -80.75    31.2  556
1983 10 27 1500 0600 39.92  -76.75    15.6  602
1983 10 27 1500 0600 41.25  -76.92      .0  606
1983 10 27 1500 0600 41.98  -77.57    15.6  608
1983 10 27 1500 0600 42.42  -77.57      .0  610
1983 10 27 1500 0600 43.03  -78.18    15.6  614
1983 10 27 1500 0600 43.92  -78.67      .0  652
1983 10 27 1500 0600 44.23  -78.37      .0  653
1983 10 27 1500 0600 44.62  -79.53      .0  654
1983 10 27 1500 0600 40.37  -75.93      .0  702
1983 10 27 1500 0600 40.78  -74.67      .0  703
1983 10 27 1500 0600 41.02  -75.90      .0  704
1983 10 27 1500 0600 42.45  -76.45      .0  708
1983 10 27 1500 0600 43.07  -76.83      .0  710
1983 10 27 1500 0600 44.68  -77.15      .0  753
1983 10 27 1500 0600 44.28  -77.78    31.2  754
1983 10 27 1500 0600 44.93  -78.72   109.2  756
1983 10 27 1500 0600 39.93  -74.70      .0  802
1983 10 27 1500 0600 40.45  -74.80      .0  803
1983 10 27 1500 0600 40.90  -74.60      .0  804
1983 10 27 1500 0600 41.30  -74.67      .0  805
1983 10 27 1500 0600 41.63  -74.80      .0  806
1983 10 27 1500 0600 42.08  -74.97    15.6  807
1983 10 27 1500 0600 42.47  -75.07      .0  808
1983 10 27 1500 0600 42.92  -75.12    46.8  809
1983 10 27 1500 0600 43.23  -75.40      .0  810
1983 10 27 1500 0600 43.58  -75.52      .0  811
1983 10 27 1500 0600 44.48  -76.03    15.6  852
1983 10 27 1500 0600 40.67  -73.52      .0  902
1983 10 27 1500 0600 43.05  -74.20      .0  908
1983 10 27 1500 0600 43.97  -74.10      .0  910
1983 10 27 1500 0600 44.80  -75.00      .0  912
1983 10 27 1500 0600 45.55  -75.52      .0  952
1983 10 27 1500 0600 41.10  -72.37    15.6    2
1983 10 27 1500 0600 41.95  -72.30    31.2    4
1983 10 27 1500 0600 41.73  -71.43   156.0  102
1983 10 27 1500 0600 42.70  -71.17    62.4  104
1983 10 27 1500 0600 44.27  -71.30      .0  106
1983 10 27 1500 0600 44.40  -71.18      .0  107
1983 10 27 1500 0600 44.93  -72.20      .0  108
1983 10 27 1800 0600 41.83  -75.87      .0  706
1983 10 27 1800 0600 41.27  -73.80      .0  904
1983 10 27 2100 0600 40.43  -79.15    15.6  404
1983 10 27 2100 0600 40.82  -79.53      .0  406
1983 10 27 2100 0600 41.20  -79.43      .0  408
1983 10 27 2100 0600 42.08  -80.18      .0  412
1983 10 27 2100 0600 40.20  -78.25    15.6  502
1983 10 27 2100 0600 40.67  -78.23      .0  504
1983 10 27 2100 0600 41.30  -78.48      .0  506
1983 10 27 2100 0600 42.25  -78.80      .0  510
1983 10 27 2100 0600 39.92  -76.75      .0  602
1983 10 27 2100 0600 41.25  -76.92    15.6  606
1983 10 27 2100 0600 41.98  -77.57    15.6  608
1983 10 27 2100 0600 42.42  -77.57      .0  610
1983 10 27 2100 0600 43.03  -78.18    15.6  614
1983 10 27 2100 0600 40.37  -75.93      .0  702
1983 10 27 2100 0600 40.78  -74.67      .0  703
1983 10 27 2100 0600 41.02  -75.90      .0  704
1983 10 27 2100 0600 42.45  -76.45    15.6  708
1983 10 27 2100 0600 43.07  -76.83      .0  710
1983 10 27 2100 0600 39.93  -74.70      .0  802
1983 10 27 2100 0600 40.45  -74.80      .0  803
1983 10 27 2100 0600 40.90  -74.60      .0  804
1983 10 27 2100 0600 41.30  -74.67      .0  805
1983 10 27 2100 0600 41.63  -74.80      .0  806
1983 10 27 2100 0600 42.08  -74.97    15.6  807
1983 10 27 2100 0600 42.47  -75.07      .0  808
1983 10 27 2100 0600 42.92  -75.12    31.2  809
1983 10 27 2100 0600 43.58  -75.52      .0  811
1983 10 27 2100 0600 40.67  -73.52      .0  902
1983 10 27 2100 0600 43.05  -74.20      .0  908
1983 10 27 2100 0600 43.97  -74.10      .0  910
1983 10 27 2100 0600 44.80  -75.00      .0  912
1983 10 27 2100 0600 41.10  -72.37      .0    2
1983 10 27 2100 0600 41.95  -72.30      .0    4
1983 10 27 2100 0600 41.73  -71.43      .0  102
1983 10 27 2100 0600 42.70  -71.17      .0  104
1983 10 27 2100 0600 44.27  -71.30      .0  106
1983 10 27 2100 0600 44.40  -71.18      .0  107
1983 10 27 2100 0600 44.93  -72.20      .0  108
1983 10 28 0300 0600 40.43  -79.15      .0  404
1983 10 28 0300 0600 40.82  -79.53      .0  406
1983 10 28 0300 0600 40.20  -78.25      .0  502
1983 10 28 0300 0600 40.67  -78.23      .0  504
1983 10 28 0300 0600 41.30  -78.48      .0  506
1983 10 28 0300 0600 39.92  -76.75      .0  602
1983 10 28 0300 0600 41.25  -76.92    15.6  606
1983 10 28 0300 0600 40.37  -75.93    15.6  702
1983 10 28 0300 0600 40.78  -74.67      .0  703
1983 10 28 0300 0600 41.02  -75.90      .0  704
1983 10 28 0300 0600 39.93  -74.70      .0  802
1983 10 28 0300 0600 40.45  -74.80      .0  803
1983 10 28 0300 0600 42.47  -75.07      .0  808
1983 10 28 0300 0600 43.23  -75.40      .0  810
1983 10 28 0300 0600 40.67  -73.52    15.6  902
1983 10 28 0300 0600 43.97  -74.10      .0  910
1983 10 28 0300 0600 41.10  -72.37      .0    2
1983 10 28 0300 0600 41.73  -71.43      .0  102
1983 10 28 0300 0600 42.70  -71.17      .0  104
1983 10 28 0300 0600 44.27  -71.30      .0  106
1983 10 28 0300 0600 44.40  -71.18      .0  107
