\datem\exp_data\captex\captex7.txt           
year mn dy  shr  dur   lat     lon    pmch  stn
1983 10 29 0600 0600 40.78  -74.67      .0  703
1983 10 29 0600 0600 41.02  -75.90      .0  704
1983 10 29 0600 0600 41.83  -75.87    15.6  706
1983 10 29 0600 0600 42.45  -76.45      .0  708
1983 10 29 0600 0600 39.93  -74.70      .0  802
1983 10 29 0600 0600 40.90  -74.60      .0  804
1983 10 29 0600 0600 41.63  -74.80      .0  806
1983 10 29 0600 0600 42.08  -74.97      .0  807
1983 10 29 0600 0600 43.23  -75.40      .0  810
1983 10 29 0600 0600 40.67  -73.52      .0  902
1983 10 29 0600 0600 43.05  -74.20      .0  908
1983 10 29 0600 0600 43.97  -74.10      .0  910
1983 10 29 0600 0600 44.80  -75.00      .0  912
1983 10 29 0600 0600 41.95  -72.30      .0    4
1983 10 29 0600 0600 41.73  -71.43      .0  102
1983 10 29 0600 0600 42.70  -71.17      .0  104
1983 10 29 0600 0600 44.27  -71.30      .0  106
1983 10 29 0600 0600 44.40  -71.18      .0  107
1983 10 29 0600 0600 44.93  -72.20      .0  108
1983 10 29 0900 0600 41.27  -73.80      .0  904
1983 10 29 0900 0600 41.10  -72.37      .0    2
1983 10 29 0600 0300 40.38  -80.63      .0  306
1983 10 29 0600 0300 40.77  -80.75      .0  308
1983 10 29 0600 0300 40.92  -81.43      .0  310
1983 10 29 0600 0300 41.30  -81.15      .0  312
1983 10 29 0600 0300 41.42  -81.87      .0  314
1983 10 29 0600 0300 41.27  -82.62      .0  318
1983 10 29 0600 0300 41.33  -83.12      .0  320
1983 10 29 0600 0300 40.43  -79.15    15.6  404
1983 10 29 0600 0300 42.08  -80.18      .0  412
1983 10 29 0600 0300 42.67  -81.15      .0  454
1983 10 29 0600 0300 42.70  -82.35      .0  456
1983 10 29 0600 0600 40.20  -78.25      .0  502
1983 10 29 0600 0600 40.67  -78.23      .0  504
1983 10 29 0600 0600 41.30  -78.48      .0  506
1983 10 29 0600 0600 41.80  -78.63      .0  508
1983 10 29 0600 0600 42.25  -78.80      .0  510
1983 10 29 0600 0300 43.52  -79.92      .0  554
1983 10 29 0600 0300 43.98  -80.75      .0  556
1983 10 29 0600 0600 39.92  -76.75      .0  602
1983 10 29 0600 0600 41.98  -77.57    15.6  608
1983 10 29 0600 0600 43.03  -78.18      .0  614
1983 10 29 0600 0300 43.92  -78.67      .0  652
1983 10 29 0600 0300 44.23  -78.37      .0  653
1983 10 29 0600 0300 44.62  -79.53      .0  654
1983 10 29 0600 0600 40.78  -74.67      .0  703
1983 10 29 0600 0600 41.02  -75.90      .0  704
1983 10 29 0600 0600 41.83  -75.87    15.6  706
1983 10 29 0600 0600 42.45  -76.45      .0  708
1983 10 29 0600 0300 44.68  -77.15      .0  753
1983 10 29 0600 0300 44.28  -77.78      .0  754
1983 10 29 0600 0600 39.93  -74.70      .0  802
1983 10 29 0600 0600 40.90  -74.60      .0  804
1983 10 29 0600 0600 41.63  -74.80      .0  806
1983 10 29 0600 0600 42.08  -74.97      .0  807
1983 10 29 0600 0600 43.23  -75.40      .0  810
1983 10 29 0600 0300 44.48  -76.03      .0  852
1983 10 29 0600 0600 40.67  -73.52      .0  902
1983 10 29 0600 0600 43.05  -74.20      .0  908
1983 10 29 0600 0600 43.97  -74.10      .0  910
1983 10 29 0600 0600 44.80  -75.00      .0  912
1983 10 29 0600 0300 45.55  -75.52      .0  952
1983 10 29 0600 0600 41.95  -72.30      .0    4
1983 10 29 0600 0300 45.98  -74.00      .0   52
1983 10 29 0600 0600 41.73  -71.43      .0  102
1983 10 29 0600 0600 42.70  -71.17      .0  104
1983 10 29 0600 0600 44.27  -71.30      .0  106
1983 10 29 0600 0600 44.40  -71.18      .0  107
1983 10 29 0600 0600 44.93  -72.20      .0  108
1983 10 29 0900 0300 40.38  -80.63    15.6  306
1983 10 29 0900 0300 40.77  -80.75      .0  308
1983 10 29 0900 0300 40.92  -81.43      .0  310
1983 10 29 0900 0300 41.42  -81.87      .0  314
1983 10 29 0900 0300 41.27  -82.62      .0  318
1983 10 29 0900 0300 40.43  -79.15    15.6  404
1983 10 29 0900 0300 42.08  -80.18      .0  412
1983 10 29 0900 0300 42.67  -81.15      .0  454
1983 10 29 0900 0300 42.70  -82.35      .0  456
1983 10 29 0900 0300 43.52  -79.92      .0  554
1983 10 29 0900 0300 43.98  -80.75      .0  556
1983 10 29 0900 0600 41.25  -76.92    15.6  606
1983 10 29 0900 0300 43.92  -78.67      .0  652
1983 10 29 0900 0300 44.23  -78.37      .0  653
1983 10 29 0900 0300 44.62  -79.53  1669.2  654
1983 10 29 0900 0600 40.37  -75.93      .0  702
1983 10 29 0900 0300 44.68  -77.15      .0  753
1983 10 29 0900 0300 44.28  -77.78      .0  754
1983 10 29 0900 0600 40.45  -74.80      .0  803
1983 10 29 0900 0600 41.30  -74.67      .0  805
1983 10 29 0900 0600 42.47  -75.07      .0  808
1983 10 29 0900 0300 44.48  -76.03      .0  852
1983 10 29 0900 0600 41.27  -73.80      .0  904
1983 10 29 0900 0300 45.55  -75.52      .0  952
1983 10 29 0900 0600 41.10  -72.37      .0    2
1983 10 29 0900 0300 45.98  -74.00      .0   52
1983 10 29 1200 0300 40.38  -80.63      .0  306
1983 10 29 1200 0300 40.92  -81.43      .0  310
1983 10 29 1200 0300 41.42  -81.87      .0  314
1983 10 29 1200 0300 41.27  -82.62      .0  318
1983 10 29 1200 0300 41.33  -83.12      .0  320
1983 10 29 1200 0300 42.08  -80.18      .0  412
1983 10 29 1200 0300 42.67  -81.15      .0  454
1983 10 29 1200 0300 42.70  -82.35      .0  456
1983 10 29 1200 0600 40.20  -78.25      .0  502
1983 10 29 1200 0600 40.67  -78.23      .0  504
1983 10 29 1200 0600 41.30  -78.48      .0  506
1983 10 29 1200 0600 41.80  -78.63      .0  508
1983 10 29 1200 0600 42.25  -78.80  1669.2  510
1983 10 29 1200 0300 43.18  -79.40  4820.4  552
1983 10 29 1200 0300 43.52  -79.92  2636.4  554
1983 10 29 1200 0300 43.98  -80.75      .0  556
1983 10 29 1200 0600 39.92  -76.75      .0  602
1983 10 29 1200 0600 41.98  -77.57   124.8  608
1983 10 29 1200 0600 43.03  -78.18   265.2  614
1983 10 29 1200 0300 43.92  -78.67      .0  652
1983 10 29 1200 0300 44.23  -78.37      .0  653
1983 10 29 1200 0300 44.62  -79.53   873.6  654
1983 10 29 1200 0600 40.78  -74.67      .0  703
1983 10 29 1200 0600 41.02  -75.90      .0  704
1983 10 29 1200 0600 41.83  -75.87      .0  706
1983 10 29 1200 0600 42.45  -76.45      .0  708
1983 10 29 1200 0600 43.07  -76.83      .0  710
1983 10 29 1200 0300 44.68  -77.15      .0  753
1983 10 29 1200 0300 44.28  -77.78      .0  754
1983 10 29 1200 0600 39.93  -74.70      .0  802
1983 10 29 1200 0600 40.90  -74.60      .0  804
1983 10 29 1200 0600 41.63  -74.80      .0  806
1983 10 29 1200 0600 43.23  -75.40      .0  810
1983 10 29 1200 0300 44.48  -76.03      .0  852
1983 10 29 1200 0600 40.67  -73.52      .0  902
1983 10 29 1200 0600 43.05  -74.20      .0  908
1983 10 29 1200 0600 43.97  -74.10      .0  910
1983 10 29 1200 0600 44.80  -75.00      .0  912
1983 10 29 1200 0300 45.55  -75.52      .0  952
1983 10 29 1200 0600 41.95  -72.30      .0    4
1983 10 29 1200 0300 45.98  -74.00      .0   52
1983 10 29 1200 0600 41.73  -71.43      .0  102
1983 10 29 1200 0600 42.70  -71.17      .0  104
1983 10 29 1200 0600 44.27  -71.30      .0  106
1983 10 29 1200 0600 44.40  -71.18      .0  107
1983 10 29 1200 0600 44.93  -72.20      .0  108
1983 10 29 1500 0300 40.38  -80.63      .0  306
1983 10 29 1500 0300 40.92  -81.43      .0  310
1983 10 29 1500 0300 41.42  -81.87      .0  314
1983 10 29 1500 0300 41.27  -82.62      .0  318
1983 10 29 1500 0300 41.33  -83.12      .0  320
1983 10 29 1500 0300 42.67  -81.15      .0  454
1983 10 29 1500 0300 43.18  -79.40  8361.6  552
1983 10 29 1500 0300 43.52  -79.92  3728.4  554
1983 10 29 1500 0300 43.98  -80.75      .0  556
1983 10 29 1500 0600 41.25  -76.92    15.6  606
1983 10 29 1500 0300 43.92  -78.67      .0  652
1983 10 29 1500 0300 44.23  -78.37      .0  653
1983 10 29 1500 0300 44.62  -79.53  3151.2  654
1983 10 29 1500 0600 40.37  -75.93      .0  702
1983 10 29 1500 0300 44.68  -77.15      .0  753
1983 10 29 1500 0300 44.28  -77.78      .0  754
1983 10 29 1500 0600 40.45  -74.80      .0  803
1983 10 29 1500 0600 41.30  -74.67      .0  805
1983 10 29 1500 0300 44.48  -76.03    15.6  852
1983 10 29 1500 0600 41.27  -73.80      .0  904
1983 10 29 1500 0300 45.55  -75.52      .0  952
1983 10 29 1500 0600 41.10  -72.37    15.6    2
1983 10 29 1500 0300 45.98  -74.00      .0   52
1983 10 29 1800 0300 40.38  -80.63      .0  306
1983 10 29 1800 0300 40.92  -81.43      .0  310
1983 10 29 1800 0300 41.42  -81.87      .0  314
1983 10 29 1800 0300 41.27  -82.62      .0  318
1983 10 29 1800 0300 41.33  -83.12      .0  320
1983 10 29 1800 0300 42.67  -81.15      .0  454
1983 10 29 1800 0600 40.20  -78.25      .0  502
1983 10 29 1800 0600 40.67  -78.23      .0  504
1983 10 29 1800 0600 41.30  -78.48   234.0  506
1983 10 29 1800 0600 41.80  -78.63  4321.2  508
1983 10 29 1800 0600 42.25  -78.80  8517.6  510
1983 10 29 1800 0300 43.52  -79.92      .0  554
1983 10 29 1800 0300 43.98  -80.75      .0  556
1983 10 29 1800 0600 39.92  -76.75    15.6  602
1983 10 29 1800 0600 41.98  -77.57  1778.4  608
1983 10 29 1800 0600 43.03  -78.18  1996.8  614
1983 10 29 1800 0300 43.92  -78.67      .0  652
1983 10 29 1800 0300 44.23  -78.37      .0  653
1983 10 29 1800 0300 44.62  -79.53      .0  654
1983 10 29 1800 0600 40.78  -74.67      .0  703
1983 10 29 1800 0600 41.02  -75.90    31.2  704
1983 10 29 1800 0600 41.83  -75.87    31.2  706
1983 10 29 1800 0600 42.45  -76.45      .0  708
1983 10 29 1800 0600 43.07  -76.83      .0  710
1983 10 29 1800 0300 44.68  -77.15      .0  753
1983 10 29 1800 0300 44.28  -77.78      .0  754
1983 10 29 1800 0600 39.93  -74.70      .0  802
1983 10 29 1800 0600 40.90  -74.60      .0  804
1983 10 29 1800 0600 41.63  -74.80      .0  806
1983 10 29 1800 0600 43.23  -75.40      .0  810
1983 10 29 1800 0300 44.48  -76.03    15.6  852
1983 10 29 1800 0600 40.67  -73.52      .0  902
1983 10 29 1800 0600 43.05  -74.20      .0  908
1983 10 29 1800 0600 43.97  -74.10      .0  910
1983 10 29 1800 0600 44.80  -75.00      .0  912
1983 10 29 1800 0300 45.55  -75.52      .0  952
1983 10 29 1800 0600 41.95  -72.30      .0    4
1983 10 29 1800 0300 45.98  -74.00      .0   52
1983 10 29 1800 0600 41.73  -71.43      .0  102
1983 10 29 1800 0600 42.70  -71.17      .0  104
1983 10 29 1800 0600 44.27  -71.30      .0  106
1983 10 29 1800 0600 44.40  -71.18      .0  107
1983 10 29 1800 0600 44.93  -72.20      .0  108
1983 10 29 2100 0300 40.38  -80.63      .0  306
1983 10 29 2100 0300 40.92  -81.43      .0  310
1983 10 29 2100 0300 41.42  -81.87      .0  314
1983 10 29 2100 0300 41.27  -82.62      .0  318
1983 10 29 2100 0300 41.33  -83.12      .0  320
1983 10 29 2100 0300 42.67  -81.15      .0  454
1983 10 29 2100 0600 41.25  -76.92  1747.2  606
1983 10 29 2100 0600 40.37  -75.93   265.2  702
1983 10 29 2100 0600 40.45  -74.80      .0  803
1983 10 29 2100 0600 41.30  -74.67      .0  805
1983 10 29 2100 0600 42.47  -75.07      .0  808
1983 10 29 2100 0600 41.27  -73.80      .0  904
1983 10 29 2100 0600 41.10  -72.37      .0    2
1983 10 30 0000 0300 40.38  -80.63      .0  306
1983 10 30 0000 0300 40.92  -81.43      .0  310
1983 10 30 0000 0300 41.42  -81.87      .0  314
1983 10 30 0000 0300 41.27  -82.62      .0  318
1983 10 30 0000 0300 41.33  -83.12    15.6  320
1983 10 30 0000 0300 42.67  -81.15      .0  454
1983 10 30 0000 0600 40.20  -78.25   967.2  502
1983 10 30 0000 0600 40.67  -78.23  4258.8  504
1983 10 30 0000 0600 41.30  -78.48  5444.4  506
1983 10 30 0000 0600 41.80  -78.63  8626.8  508
1983 10 30 0000 0600 42.25  -78.80  3712.8  510
1983 10 30 0000 0600 39.92  -76.75      .0  602
1983 10 30 0000 0600 41.98  -77.57  5179.2  608
1983 10 30 0000 0600 43.03  -78.18  5085.6  614
1983 10 30 0000 0600 40.78  -74.67      .0  703
1983 10 30 0000 0600 41.02  -75.90      .0  704
1983 10 30 0000 0600 42.45  -76.45      .0  708
1983 10 30 0000 0600 43.07  -76.83      .0  710
1983 10 30 0000 0600 39.93  -74.70      .0  802
1983 10 30 0000 0600 40.90  -74.60      .0  804
1983 10 30 0000 0600 41.63  -74.80      .0  806
1983 10 30 0000 0600 43.23  -75.40      .0  810
1983 10 30 0000 0600 40.67  -73.52      .0  902
1983 10 30 0000 0600 43.97  -74.10      .0  910
1983 10 30 0000 0600 44.80  -75.00      .0  912
1983 10 30 0000 0600 41.95  -72.30      .0    4
1983 10 30 0000 0600 41.73  -71.43      .0  102
1983 10 30 0000 0600 42.70  -71.17      .0  104
1983 10 30 0000 0600 44.27  -71.30      .0  106
1983 10 30 0000 0600 44.40  -71.18      .0  107
1983 10 30 0000 0600 44.93  -72.20      .0  108
1983 10 30 0300 0300 42.67  -81.15      .0  454
1983 10 30 0300 0600 41.25  -76.92   312.0  606
1983 10 30 0300 0600 40.37  -75.93    46.8  702
1983 10 30 0300 0600 40.45  -74.80      .0  803
1983 10 30 0300 0600 41.30  -74.67      .0  805
1983 10 30 0300 0600 42.47  -75.07      .0  808
1983 10 30 0300 0600 41.27  -73.80      .0  904
1983 10 30 0300 0600 41.10  -72.37      .0    2
1983 10 30 0600 0300 42.67  -81.15      .0  454
1983 10 30 0600 0600 40.78  -74.67      .0  703
1983 10 30 0600 0600 42.45  -76.45    15.6  708
1983 10 30 0600 0600 43.07  -76.83    15.6  710
1983 10 30 0600 0600 39.93  -74.70      .0  802
1983 10 30 0600 0600 40.90  -74.60      .0  804
1983 10 30 0600 0600 41.63  -74.80      .0  806
1983 10 30 0600 0600 43.23  -75.40      .0  810
1983 10 30 0600 0600 40.67  -73.52    15.6  902
1983 10 30 0600 0600 43.97  -74.10      .0  910
1983 10 30 0600 0600 44.80  -75.00      .0  912
1983 10 30 0600 0600 41.95  -72.30      .0    4
1983 10 30 0600 0600 41.73  -71.43      .0  102
1983 10 30 0600 0600 42.70  -71.17      .0  104
1983 10 30 0600 0600 44.27  -71.30      .0  106
1983 10 30 0600 0600 44.40  -71.18      .0  107
1983 10 30 0600 0600 44.93  -72.20      .0  108
1983 10 30 0900 0300 42.67  -81.15      .0  454
1983 10 30 0900 0600 40.45  -74.80      .0  803
1983 10 30 0900 0600 41.27  -73.80      .0  904
1983 10 30 0900 0600 41.10  -72.37    15.6    2
1983 10 30 1200 0300 42.67  -81.15      .0  454
1983 10 30 1200 0600 40.78  -74.67      .0  703
1983 10 30 1500 0300 42.67  -81.15      .0  454
1983 10 30 1800 0300 42.67  -81.15    31.2  454
1983 10 30 1800 0600 40.78  -74.67      .0  703
1983 10 30 2100 0300 42.67  -81.15    31.2  454
1983 10 31 0000 0600 40.78  -74.67      .0  703
1983 10 31 0600 0600 40.78  -74.67      .0  703
