\datem\exp_data\captex\captex1.txt           
year mn dy  shr  dur   lat     lon    pmch  stn
1983 09 18 1800 0300 39.65  -80.42      .0  302
1983 09 18 1800 0300 40.38  -80.63      .0  306
1983 09 18 1800 0300 40.77  -80.75      .0  308
1983 09 18 1800 0600 40.92  -81.43      .0  310
1983 09 18 1800 0300 41.30  -81.15      .0  312
1983 09 18 1800 0300 41.42  -81.87      .0  314
1983 09 18 1800 0300 41.30  -82.22   343.2  316
1983 09 18 1800 0300 41.27  -82.62      .0  318
1983 09 18 1800 0300 41.33  -83.12      .0  320
1983 09 18 1800 0600 40.00  -79.08      .0  402
1983 09 18 1800 0600 40.43  -79.15      .0  404
1983 09 18 1800 0600 41.63  -79.70      .0  410
1983 09 18 1800 0600 42.08  -80.18      .0  412
1983 09 18 1800 0600 42.60  -80.50    15.6  452
1983 09 18 1800 0600 42.67  -81.15      .0  454
1983 09 18 1800 0600 42.70  -82.35      .0  456
1983 09 18 1800 0600 40.20  -78.25      .0  502
1983 09 18 1800 0600 40.67  -78.23      .0  504
1983 09 18 1800 0600 41.80  -78.63      .0  508
1983 09 18 1800 0600 42.48  -78.93      .0  512
1983 09 18 1800 0600 43.18  -79.40      .0  552
1983 09 18 1800 0600 43.52  -79.92      .0  554
1983 09 18 1800 0600 43.98  -80.75      .0  556
1983 09 18 1800 0600 39.92  -76.75      .0  602
1983 09 18 1800 0600 41.25  -76.92      .0  606
1983 09 18 1800 0600 41.98  -77.57      .0  608
1983 09 18 1800 0600 43.03  -78.18      .0  614
1983 09 18 1800 0600 43.92  -78.67      .0  652
1983 09 18 1800 0600 44.62  -79.53      .0  654
1983 09 18 1800 0600 40.37  -75.93      .0  702
1983 09 18 1800 0600 41.02  -75.90      .0  704
1983 09 18 1800 0600 41.83  -75.87      .0  706
1983 09 18 1800 0600 42.45  -76.45      .0  708
1983 09 18 2100 0300 39.65  -80.42    15.6  302
1983 09 18 2100 0300 40.38  -80.63      .0  306
1983 09 18 2100 0300 40.77  -80.75      .0  308
1983 09 18 2100 0300 41.30  -81.15      .0  312
1983 09 18 2100 0300 41.42  -81.87  3073.2  314
1983 09 18 2100 0300 41.30  -82.22 24741.6  316
1983 09 18 2100 0300 41.27  -82.62  6630.0  318
1983 09 18 2100 0300 41.33  -83.12    15.6  320
1983 09 18 2100 0600 41.20  -79.43      .0  408
1983 09 19 0000 0300 39.65  -80.42      .0  302
1983 09 19 0000 0300 40.38  -80.63    15.6  306
1983 09 19 0000 0300 40.77  -80.75      .0  308
1983 09 19 0000 0600 40.92  -81.43      .0  310
1983 09 19 0000 0300 41.30  -81.15      .0  312
1983 09 19 0000 0300 41.42  -81.87   998.4  314
1983 09 19 0000 0300 41.30  -82.22   468.0  316
1983 09 19 0000 0300 41.27  -82.62   577.2  318
1983 09 19 0000 0300 41.33  -83.12    15.6  320
1983 09 19 0000 0600 40.00  -79.08      .0  402
1983 09 19 0000 0600 40.43  -79.15      .0  404
1983 09 19 0000 0600 41.63  -79.70      .0  410
1983 09 19 0000 0600 42.08  -80.18      .0  412
1983 09 19 0000 0600 42.60  -80.50   405.6  452
1983 09 19 0000 0600 42.67  -81.15  1887.6  454
1983 09 19 0000 0600 42.70  -82.35      .0  456
1983 09 19 0000 0600 40.20  -78.25      .0  502
1983 09 19 0000 0600 40.67  -78.23      .0  504
1983 09 19 0000 0600 41.80  -78.63      .0  508
1983 09 19 0000 0600 42.25  -78.80      .0  510
1983 09 19 0000 0600 42.48  -78.93      .0  512
1983 09 19 0000 0600 43.18  -79.40   327.6  552
1983 09 19 0000 0600 43.52  -79.92      .0  554
1983 09 19 0000 0600 43.98  -80.75      .0  556
1983 09 19 0000 0600 39.92  -76.75      .0  602
1983 09 19 0000 0600 41.98  -77.57      .0  608
1983 09 19 0000 0600 42.88  -78.03   405.6  612
1983 09 19 0000 0600 43.03  -78.18  1014.0  614
1983 09 19 0000 0600 43.92  -78.67      .0  652
1983 09 19 0000 0600 44.62  -79.53      .0  654
1983 09 19 0000 0600 40.37  -75.93      .0  702
1983 09 19 0000 0600 40.78  -74.67      .0  703
1983 09 19 0000 0600 41.02  -75.90      .0  704
1983 09 19 0000 0600 41.83  -75.87      .0  706
1983 09 19 0000 0600 42.45  -76.45      .0  708
1983 09 19 0000 0600 43.98  -77.22      .0  752
1983 09 19 0000 0600 44.68  -77.15      .0  753
1983 09 19 0000 0600 44.28  -77.78      .0  754
1983 09 19 0000 0600 39.93  -74.70      .0  802
1983 09 19 0000 0600 40.90  -74.60      .0  804
1983 09 19 0000 0600 41.63  -74.80      .0  806
1983 09 19 0000 0600 42.92  -75.12      .0  809
1983 09 19 0000 0600 43.58  -75.52    15.6  811
1983 09 19 0000 0600 44.00  -76.02   327.6  812
1983 09 19 0000 0600 44.48  -76.03      .0  852
1983 09 19 0000 0600 45.00  -75.63      .0  853
1983 09 19 0000 0600 45.60  -77.20      .0  854
1983 09 19 0000 0600 40.67  -73.52      .0  902
1983 09 19 0000 0600 41.27  -73.80      .0  904
1983 09 19 0000 0600 43.05  -74.20    62.4  908
1983 09 19 0000 0600 43.97  -74.10      .0  910
1983 09 19 0000 0600 44.80  -75.00      .0  912
1983 09 19 0000 0600 41.95  -72.30      .0    4
1983 09 19 0000 0600 43.03  -72.80      .0    6
1983 09 19 0000 0600 43.95  -73.22      .0    8
1983 09 19 0000 0600 44.90  -73.80      .0   10
1983 09 19 0000 0600 41.73  -71.43      .0  102
1983 09 19 0000 0600 44.27  -71.30      .0  106
1983 09 19 0000 0600 44.40  -71.18      .0  107
1983 09 19 0000 0600 44.93  -72.20      .0  108
1983 09 19 0300 0300 39.65  -80.42      .0  302
1983 09 19 0300 0300 40.38  -80.63      .0  306
1983 09 19 0300 0300 40.77  -80.75      .0  308
1983 09 19 0300 0300 41.30  -81.15      .0  312
1983 09 19 0300 0300 41.42  -81.87      .0  314
1983 09 19 0300 0300 41.30  -82.22    31.2  316
1983 09 19 0300 0300 41.27  -82.62      .0  318
1983 09 19 0300 0300 41.33  -83.12    15.6  320
1983 09 19 0300 0600 41.20  -79.43      .0  408
1983 09 19 0300 0600 45.98  -74.00      .0   52
1983 09 19 0600 0300 39.65  -80.42      .0  302
1983 09 19 0600 0300 40.38  -80.63      .0  306
1983 09 19 0600 0300 40.77  -80.75      .0  308
1983 09 19 0600 0600 40.92  -81.43      .0  310
1983 09 19 0600 0300 41.30  -81.15      .0  312
1983 09 19 0600 0300 41.42  -81.87      .0  314
1983 09 19 0600 0300 41.30  -82.22      .0  316
1983 09 19 0600 0300 41.27  -82.62      .0  318
1983 09 19 0600 0300 41.33  -83.12    31.2  320
1983 09 19 0600 0600 40.00  -79.08      .0  402
1983 09 19 0600 0600 40.43  -79.15      .0  404
1983 09 19 0600 0600 41.63  -79.70      .0  410
1983 09 19 0600 0600 42.08  -80.18      .0  412
1983 09 19 0600 0600 42.60  -80.50   140.4  452
1983 09 19 0600 0600 42.67  -81.15      .0  454
1983 09 19 0600 0600 42.70  -82.35      .0  456
1983 09 19 0600 0600 40.20  -78.25      .0  502
1983 09 19 0600 0600 40.67  -78.23      .0  504
1983 09 19 0600 0600 41.80  -78.63      .0  508
1983 09 19 0600 0600 42.25  -78.80      .0  510
1983 09 19 0600 0600 42.48  -78.93      .0  512
1983 09 19 0600 0600 43.18  -79.40  1388.4  552
1983 09 19 0600 0600 43.52  -79.92      .0  554
1983 09 19 0600 0600 43.98  -80.75      .0  556
1983 09 19 0600 0600 39.92  -76.75      .0  602
1983 09 19 0600 0600 41.25  -76.92      .0  606
1983 09 19 0600 0600 41.98  -77.57      .0  608
1983 09 19 0600 0600 42.88  -78.03      .0  612
1983 09 19 0600 0600 43.03  -78.18    31.2  614
1983 09 19 0600 0600 44.62  -79.53      .0  654
1983 09 19 0600 0600 40.37  -75.93      .0  702
1983 09 19 0600 0600 40.78  -74.67      .0  703
1983 09 19 0600 0600 41.02  -75.90      .0  704
1983 09 19 0600 0600 41.83  -75.87      .0  706
1983 09 19 0600 0600 42.45  -76.45      .0  708
1983 09 19 0600 0600 43.98  -77.22   624.0  752
1983 09 19 0600 0600 44.68  -77.15      .0  753
1983 09 19 0600 0600 44.28  -77.78      .0  754
1983 09 19 0600 0600 39.93  -74.70      .0  802
1983 09 19 0600 0600 40.90  -74.60      .0  804
1983 09 19 0600 0600 41.63  -74.80      .0  806
1983 09 19 0600 0600 42.92  -75.12      .0  809
1983 09 19 0600 0600 43.58  -75.52   265.2  811
1983 09 19 0600 0600 44.00  -76.02  1372.8  812
1983 09 19 0600 0600 44.48  -76.03   374.4  852
1983 09 19 0600 0600 45.00  -75.63      .0  853
1983 09 19 0600 0600 45.60  -77.20      .0  854
1983 09 19 0600 0600 40.67  -73.52      .0  902
1983 09 19 0600 0600 41.27  -73.80      .0  904
1983 09 19 0600 0600 43.05  -74.20    15.6  908
1983 09 19 0600 0600 43.97  -74.10   327.6  910
1983 09 19 0600 0600 44.80  -75.00   390.0  912
1983 09 19 0600 0600 41.95  -72.30      .0    4
1983 09 19 0600 0600 43.03  -72.80   202.8    6
1983 09 19 0600 0600 43.95  -73.22    31.2    8
1983 09 19 0600 0600 44.90  -73.80   452.4   10
1983 09 19 0600 0600 41.73  -71.43      .0  102
1983 09 19 0600 0600 44.27  -71.30   187.2  106
1983 09 19 0600 0600 44.40  -71.18      .0  107
1983 09 19 0600 0600 44.93  -72.20   124.8  108
1983 09 19 0900 0300 39.65  -80.42      .0  302
1983 09 19 0900 0300 40.38  -80.63      .0  306
1983 09 19 0900 0300 40.77  -80.75      .0  308
1983 09 19 0900 0300 41.30  -81.15      .0  312
1983 09 19 0900 0300 41.42  -81.87      .0  314
1983 09 19 0900 0300 41.30  -82.22      .0  316
1983 09 19 0900 0300 41.27  -82.62      .0  318
1983 09 19 0900 0300 41.33  -83.12      .0  320
1983 09 19 0900 0600 41.20  -79.43      .0  408
1983 09 19 0900 0600 45.98  -74.00      .0   52
1983 09 19 1200 0600 40.92  -81.43      .0  310
1983 09 19 1200 0600 40.00  -79.08      .0  402
1983 09 19 1200 0600 40.43  -79.15      .0  404
1983 09 19 1200 0600 41.63  -79.70      .0  410
1983 09 19 1200 0600 42.08  -80.18      .0  412
1983 09 19 1200 0600 42.60  -80.50    15.6  452
1983 09 19 1200 0600 42.67  -81.15      .0  454
1983 09 19 1200 0600 42.70  -82.35      .0  456
1983 09 19 1200 0600 40.20  -78.25      .0  502
1983 09 19 1200 0600 40.67  -78.23      .0  504
1983 09 19 1200 0600 41.80  -78.63      .0  508
1983 09 19 1200 0600 42.25  -78.80      .0  510
1983 09 19 1200 0600 42.48  -78.93      .0  512
1983 09 19 1200 0600 43.18  -79.40   514.8  552
1983 09 19 1200 0600 43.52  -79.92      .0  554
1983 09 19 1200 0600 43.98  -80.75      .0  556
1983 09 19 1200 0600 39.92  -76.75      .0  602
1983 09 19 1200 0600 41.25  -76.92      .0  606
1983 09 19 1200 0600 41.98  -77.57      .0  608
1983 09 19 1200 0600 42.88  -78.03      .0  612
1983 09 19 1200 0600 43.03  -78.18      .0  614
1983 09 19 1200 0600 44.62  -79.53      .0  654
1983 09 19 1200 0600 40.37  -75.93      .0  702
1983 09 19 1200 0600 40.78  -74.67      .0  703
1983 09 19 1200 0600 41.02  -75.90      .0  704
1983 09 19 1200 0600 41.83  -75.87      .0  706
1983 09 19 1200 0600 42.45  -76.45      .0  708
1983 09 19 1200 0600 43.07  -76.83   296.4  710
1983 09 19 1200 0600 43.98  -77.22      .0  752
1983 09 19 1200 0600 44.68  -77.15      .0  753
1983 09 19 1200 0600 44.28  -77.78      .0  754
1983 09 19 1200 0600 39.93  -74.70      .0  802
1983 09 19 1200 0600 40.90  -74.60      .0  804
1983 09 19 1200 0600 41.63  -74.80    15.6  806
1983 09 19 1200 0600 42.08  -74.97      .0  807
1983 09 19 1200 0600 42.92  -75.12    78.0  809
1983 09 19 1200 0600 43.58  -75.52   327.6  811
1983 09 19 1200 0600 44.00  -76.02    62.4  812
1983 09 19 1200 0600 44.48  -76.03      .0  852
1983 09 19 1200 0600 45.60  -77.20      .0  854
1983 09 19 1200 0600 40.67  -73.52      .0  902
1983 09 19 1200 0600 41.27  -73.80      .0  904
1983 09 19 1200 0600 43.05  -74.20   140.4  908
1983 09 19 1200 0600 43.97  -74.10   249.6  910
1983 09 19 1200 0600 44.80  -75.00      .0  912
1983 09 19 1200 0600 45.55  -75.52      .0  952
1983 09 19 1200 0600 41.95  -72.30    46.8    4
1983 09 19 1200 0600 43.03  -72.80   171.6    6
1983 09 19 1200 0600 43.95  -73.22   140.4    8
1983 09 19 1200 0600 44.90  -73.80      .0   10
1983 09 19 1200 0600 41.73  -71.43    31.2  102
1983 09 19 1200 0600 44.40  -71.18   733.2  107
1983 09 19 1200 0600 44.93  -72.20   358.8  108
1983 09 19 1500 0600 41.20  -79.43      .0  408
1983 09 19 1500 0600 45.98  -74.00      .0   52
1983 09 19 1800 0600 40.92  -81.43      .0  310
1983 09 19 1800 0600 40.00  -79.08      .0  402
1983 09 19 1800 0600 40.43  -79.15      .0  404
1983 09 19 1800 0600 41.63  -79.70      .0  410
1983 09 19 1800 0600 42.08  -80.18      .0  412
1983 09 19 1800 0600 42.60  -80.50    15.6  452
1983 09 19 1800 0600 42.67  -81.15      .0  454
1983 09 19 1800 0600 42.70  -82.35      .0  456
1983 09 19 1800 0600 40.20  -78.25      .0  502
1983 09 19 1800 0600 40.67  -78.23      .0  504
1983 09 19 1800 0600 41.80  -78.63      .0  508
1983 09 19 1800 0600 42.25  -78.80      .0  510
1983 09 19 1800 0600 42.48  -78.93      .0  512
1983 09 19 1800 0600 43.18  -79.40      .0  552
1983 09 19 1800 0600 43.52  -79.92    93.6  554
1983 09 19 1800 0600 43.98  -80.75      .0  556
1983 09 19 1800 0600 39.92  -76.75      .0  602
1983 09 19 1800 0600 41.25  -76.92      .0  606
1983 09 19 1800 0600 41.98  -77.57      .0  608
1983 09 19 1800 0600 42.88  -78.03      .0  612
1983 09 19 1800 0600 43.03  -78.18      .0  614
1983 09 19 1800 0600 44.62  -79.53      .0  654
1983 09 19 1800 0600 40.37  -75.93      .0  702
1983 09 19 1800 0600 40.78  -74.67      .0  703
1983 09 19 1800 0600 41.02  -75.90      .0  704
1983 09 19 1800 0600 41.83  -75.87      .0  706
1983 09 19 1800 0600 42.45  -76.45      .0  708
1983 09 19 1800 0600 43.07  -76.83    93.6  710
1983 09 19 1800 0600 43.98  -77.22      .0  752
1983 09 19 1800 0600 44.68  -77.15      .0  753
1983 09 19 1800 0600 44.28  -77.78      .0  754
1983 09 19 1800 0600 39.93  -74.70      .0  802
1983 09 19 1800 0600 40.90  -74.60      .0  804
1983 09 19 1800 0600 41.63  -74.80      .0  806
1983 09 19 1800 0600 42.08  -74.97      .0  807
1983 09 19 1800 0600 42.92  -75.12   140.4  809
1983 09 19 1800 0600 43.58  -75.52   249.6  811
1983 09 19 1800 0600 44.00  -76.02   249.6  812
1983 09 19 1800 0600 44.48  -76.03      .0  852
1983 09 19 1800 0600 45.60  -77.20      .0  854
1983 09 19 1800 0600 40.67  -73.52      .0  902
1983 09 19 1800 0600 41.27  -73.80      .0  904
1983 09 19 1800 0600 43.05  -74.20   109.2  908
1983 09 19 1800 0600 43.97  -74.10   202.8  910
1983 09 19 1800 0600 44.80  -75.00      .0  912
1983 09 19 1800 0600 45.55  -75.52      .0  952
1983 09 19 1800 0600 41.95  -72.30      .0    4
1983 09 19 1800 0600 43.03  -72.80   109.2    6
1983 09 19 1800 0600 43.95  -73.22   156.0    8
1983 09 19 1800 0600 44.90  -73.80      .0   10
1983 09 19 1800 0600 41.73  -71.43    15.6  102
1983 09 19 1800 0600 44.27  -71.30   140.4  106
1983 09 19 1800 0600 44.40  -71.18   249.6  107
1983 09 19 1800 0600 44.93  -72.20      .0  108
1983 09 19 2100 0600 41.20  -79.43      .0  408
1983 09 19 2100 0600 45.98  -74.00      .0   52
1983 09 19 2100 0600 46.07  -72.58      .0  152
1983 09 20 0000 0600 40.92  -81.43      .0  310
1983 09 20 0000 0600 40.00  -79.08      .0  402
1983 09 20 0000 0600 40.43  -79.15      .0  404
1983 09 20 0000 0600 41.63  -79.70      .0  410
1983 09 20 0000 0600 42.08  -80.18      .0  412
1983 09 20 0000 0600 42.60  -80.50    31.2  452
1983 09 20 0000 0600 42.67  -81.15      .0  454
1983 09 20 0000 0600 42.70  -82.35      .0  456
1983 09 20 0000 0600 40.20  -78.25      .0  502
1983 09 20 0000 0600 40.67  -78.23      .0  504
1983 09 20 0000 0600 41.80  -78.63      .0  508
1983 09 20 0000 0600 42.25  -78.80      .0  510
1983 09 20 0000 0600 42.48  -78.93      .0  512
1983 09 20 0000 0600 43.18  -79.40      .0  552
1983 09 20 0000 0600 43.52  -79.92    15.6  554
1983 09 20 0000 0600 43.98  -80.75      .0  556
1983 09 20 0000 0600 39.92  -76.75      .0  602
1983 09 20 0000 0600 41.25  -76.92      .0  606
1983 09 20 0000 0600 41.98  -77.57      .0  608
1983 09 20 0000 0600 42.88  -78.03      .0  612
1983 09 20 0000 0600 43.03  -78.18      .0  614
1983 09 20 0000 0600 44.62  -79.53      .0  654
1983 09 20 0000 0600 40.37  -75.93      .0  702
1983 09 20 0000 0600 40.78  -74.67      .0  703
1983 09 20 0000 0600 41.02  -75.90      .0  704
1983 09 20 0000 0600 41.83  -75.87      .0  706
1983 09 20 0000 0600 42.45  -76.45      .0  708
1983 09 20 0000 0600 43.07  -76.83    46.8  710
1983 09 20 0000 0600 43.98  -77.22      .0  752
1983 09 20 0000 0600 44.68  -77.15      .0  753
1983 09 20 0000 0600 44.28  -77.78      .0  754
1983 09 20 0000 0600 39.93  -74.70      .0  802
1983 09 20 0000 0600 40.90  -74.60      .0  804
1983 09 20 0000 0600 41.63  -74.80      .0  806
1983 09 20 0000 0600 42.08  -74.97      .0  807
1983 09 20 0000 0600 42.92  -75.12    46.8  809
1983 09 20 0000 0600 43.58  -75.52    78.0  811
1983 09 20 0000 0600 44.00  -76.02   202.8  812
1983 09 20 0000 0600 44.48  -76.03      .0  852
1983 09 20 0000 0600 45.60  -77.20      .0  854
1983 09 20 0000 0600 40.67  -73.52      .0  902
1983 09 20 0000 0600 41.27  -73.80      .0  904
1983 09 20 0000 0600 43.05  -74.20    93.6  908
1983 09 20 0000 0600 43.97  -74.10   218.4  910
1983 09 20 0000 0600 44.80  -75.00    15.6  912
1983 09 20 0000 0600 45.55  -75.52      .0  952
1983 09 20 0000 0600 41.10  -72.37      .0    2
1983 09 20 0000 0600 41.95  -72.30      .0    4
1983 09 20 0000 0600 43.03  -72.80    31.2    6
1983 09 20 0000 0600 43.95  -73.22    93.6    8
1983 09 20 0000 0600 44.90  -73.80      .0   10
1983 09 20 0000 0600 41.73  -71.43      .0  102
1983 09 20 0000 0600 44.27  -71.30    46.8  106
1983 09 20 0000 0600 44.40  -71.18   218.4  107
1983 09 20 0000 0600 44.93  -72.20      .0  108
1983 09 20 0300 0600 45.98  -74.00      .0   52
1983 09 20 0300 0600 46.07  -72.58      .0  152
1983 09 20 0600 0600 42.25  -78.80      .0  510
1983 09 20 0600 0600 42.88  -78.03      .0  612
1983 09 20 0600 0600 40.78  -74.67      .0  703
1983 09 20 0600 0600 43.07  -76.83      .0  710
1983 09 20 0600 0600 43.98  -77.22      .0  752
1983 09 20 0600 0600 44.68  -77.15    15.6  753
1983 09 20 0600 0600 44.28  -77.78      .0  754
1983 09 20 0600 0600 39.93  -74.70      .0  802
1983 09 20 0600 0600 40.90  -74.60      .0  804
1983 09 20 0600 0600 41.63  -74.80    15.6  806
1983 09 20 0600 0600 42.08  -74.97      .0  807
1983 09 20 0600 0600 42.92  -75.12    31.2  809
1983 09 20 0600 0600 43.58  -75.52      .0  811
1983 09 20 0600 0600 44.00  -76.02      .0  812
1983 09 20 0600 0600 44.48  -76.03      .0  852
1983 09 20 0600 0600 45.60  -77.20      .0  854
1983 09 20 0600 0600 40.67  -73.52      .0  902
1983 09 20 0600 0600 41.27  -73.80      .0  904
1983 09 20 0600 0600 43.05  -74.20    78.0  908
1983 09 20 0600 0600 43.97  -74.10   187.2  910
1983 09 20 0600 0600 44.80  -75.00    78.0  912
1983 09 20 0600 0600 45.55  -75.52      .0  952
1983 09 20 0600 0600 41.10  -72.37      .0    2
1983 09 20 0600 0600 41.95  -72.30      .0    4
1983 09 20 0600 0600 43.03  -72.80    31.2    6
1983 09 20 0600 0600 43.95  -73.22    78.0    8
1983 09 20 0600 0600 44.90  -73.80    62.4   10
1983 09 20 0600 0600 41.73  -71.43      .0  102
1983 09 20 0600 0600 44.27  -71.30      .0  106
1983 09 20 0600 0600 44.40  -71.18   156.0  107
1983 09 20 0600 0600 44.93  -72.20    15.6  108
1983 09 20 0900 0600 45.98  -74.00      .0   52
1983 09 20 0900 0600 46.07  -72.58      .0  152
1983 09 20 1200 0600 43.07  -76.83      .0  710
1983 09 20 1200 0600 42.08  -74.97      .0  807
1983 09 20 1200 0600 45.55  -75.52    15.6  952
1983 09 20 1200 0600 41.10  -72.37      .0    2
1983 09 20 1500 0600 46.07  -72.58    15.6  152
1983 09 20 1800 0600 42.08  -74.97      .0  807
1983 09 20 1800 0600 41.10  -72.37      .0    2
1983 09 20 2100 0600 46.07  -72.58      .0  152
1983 09 21 0000 0600 41.10  -72.37      .0    2
1983 09 21 0300 0600 46.07  -72.58      .0  152
1983 09 21 0600 0600 41.10  -72.37      .0    2