\datem\exp_data\captex\captex3.txt           
year mn dy  shr  dur   lat     lon    pmch  stn
1983 10 02 2100 0300 40.38  -80.63      .0  306
1983 10 02 2100 0300 40.77  -80.75      .0  308
1983 10 02 2100 0300 40.92  -81.43      .0  310
1983 10 02 2100 0300 41.30  -81.15      .0  312
1983 10 02 2100 0300 41.42  -81.87      .0  314
1983 10 02 2100 0300 41.30  -82.22      .0  316
1983 10 02 2100 0300 41.27  -82.62      .0  318
1983 10 02 2100 0300 41.33  -83.12    15.6  320
1983 10 02 2100 0600 42.70  -82.35      .0  456
1983 10 03 0000 0300 40.38  -80.63      .0  306
1983 10 03 0000 0300 40.77  -80.75      .0  308
1983 10 03 0000 0300 40.92  -81.43      .0  310
1983 10 03 0000 0300 41.30  -81.15      .0  312
1983 10 03 0000 0300 41.42  -81.87      .0  314
1983 10 03 0000 0300 41.30  -82.22      .0  316
1983 10 03 0000 0300 41.27  -82.62      .0  318
1983 10 03 0000 0300 41.33  -83.12  1107.6  320
1983 10 03 0000 0600 40.00  -79.08      .0  402
1983 10 03 0000 0600 40.43  -79.15      .0  404
1983 10 03 0000 0600 40.82  -79.53      .0  406
1983 10 03 0000 0600 41.20  -79.43      .0  408
1983 10 03 0000 0600 41.63  -79.70      .0  410
1983 10 03 0000 0600 42.08  -80.18      .0  412
1983 10 03 0000 0600 42.60  -80.50    15.6  452
1983 10 03 0000 0600 42.67  -81.15      .0  454
1983 10 03 0000 0600 40.20  -78.25      .0  502
1983 10 03 0000 0600 40.67  -78.23      .0  504
1983 10 03 0000 0600 41.80  -78.63      .0  508
1983 10 03 0000 0600 42.25  -78.80      .0  510
1983 10 03 0000 0600 42.48  -78.93      .0  512
1983 10 03 0000 0600 43.18  -79.40      .0  552
1983 10 03 0000 0600 43.98  -80.75      .0  556
1983 10 03 0300 0300 40.38  -80.63    15.6  306
1983 10 03 0300 0300 40.77  -80.75      .0  308
1983 10 03 0300 0300 40.92  -81.43      .0  310
1983 10 03 0300 0300 41.30  -81.15      .0  312
1983 10 03 0300 0300 41.42  -81.87      .0  314
1983 10 03 0300 0300 41.30  -82.22    15.6  316
1983 10 03 0300 0300 41.27  -82.62      .0  318
1983 10 03 0300 0300 41.33  -83.12  4742.4  320
1983 10 03 0300 0600 42.70  -82.35      .0  456
1983 10 03 0300 0600 45.98  -74.00      .0   52
1983 10 03 0600 0300 40.38  -80.63    15.6  306
1983 10 03 0600 0300 40.77  -80.75      .0  308
1983 10 03 0600 0300 40.92  -81.43      .0  310
1983 10 03 0600 0300 41.30  -81.15      .0  312
1983 10 03 0600 0300 41.42  -81.87      .0  314
1983 10 03 0600 0300 41.30  -82.22    31.2  316
1983 10 03 0600 0300 41.27  -82.62      .0  318
1983 10 03 0600 0300 41.33  -83.12   327.6  320
1983 10 03 0600 0600 40.00  -79.08      .0  402
1983 10 03 0600 0600 40.43  -79.15      .0  404
1983 10 03 0600 0600 40.82  -79.53      .0  406
1983 10 03 0600 0600 41.20  -79.43      .0  408
1983 10 03 0600 0600 41.63  -79.70      .0  410
1983 10 03 0600 0600 42.08  -80.18      .0  412
1983 10 03 0600 0600 42.60  -80.50    15.6  452
1983 10 03 0600 0600 42.67  -81.15    15.6  454
1983 10 03 0600 0600 40.20  -78.25      .0  502
1983 10 03 0600 0600 40.67  -78.23      .0  504
1983 10 03 0600 0600 41.80  -78.63      .0  508
1983 10 03 0600 0600 42.25  -78.80      .0  510
1983 10 03 0600 0600 42.48  -78.93      .0  512
1983 10 03 0600 0600 43.18  -79.40      .0  552
1983 10 03 0600 0600 43.98  -80.75   280.8  556
1983 10 03 0600 0600 39.92  -76.75      .0  602
1983 10 03 0600 0600 40.48  -77.13      .0  604
1983 10 03 0600 0600 41.25  -76.92      .0  606
1983 10 03 0600 0600 41.98  -77.57      .0  608
1983 10 03 0600 0600 42.88  -78.03   109.2  612
1983 10 03 0600 0600 43.03  -78.18    78.0  614
1983 10 03 0600 0600 44.23  -78.37      .0  653
1983 10 03 0600 0600 44.62  -79.53      .0  654
1983 10 03 0600 0600 40.37  -75.93      .0  702
1983 10 03 0600 0600 41.02  -75.90    31.2  704
1983 10 03 0600 0600 41.83  -75.87    15.6  706
1983 10 03 0600 0600 42.45  -76.45      .0  708
1983 10 03 0600 0600 43.98  -77.22      .0  752
1983 10 03 0600 0600 44.68  -77.15      .0  753
1983 10 03 0600 0600 44.28  -77.78      .0  754
1983 10 03 0900 0300 40.38  -80.63    15.6  306
1983 10 03 0900 0300 40.77  -80.75      .0  308
1983 10 03 0900 0300 40.92  -81.43      .0  310
1983 10 03 0900 0300 41.30  -81.15      .0  312
1983 10 03 0900 0300 41.42  -81.87      .0  314
1983 10 03 0900 0300 41.30  -82.22    31.2  316
1983 10 03 0900 0300 41.27  -82.62      .0  318
1983 10 03 0900 0300 41.33  -83.12    46.8  320
1983 10 03 0900 0600 42.70  -82.35   234.0  456
1983 10 03 0900 0600 45.98  -74.00      .0   52
1983 10 03 1200 0300 40.38  -80.63    15.6  306
1983 10 03 1200 0300 40.77  -80.75      .0  308
1983 10 03 1200 0300 40.92  -81.43      .0  310
1983 10 03 1200 0300 41.30  -81.15      .0  312
1983 10 03 1200 0300 41.42  -81.87      .0  314
1983 10 03 1200 0300 41.30  -82.22    46.8  316
1983 10 03 1200 0300 41.27  -82.62      .0  318
1983 10 03 1200 0300 41.33  -83.12    15.6  320
1983 10 03 1200 0600 40.00  -79.08      .0  402
1983 10 03 1200 0600 40.43  -79.15      .0  404
1983 10 03 1200 0600 40.82  -79.53      .0  406
1983 10 03 1200 0600 41.20  -79.43      .0  408
1983 10 03 1200 0600 41.63  -79.70      .0  410
1983 10 03 1200 0600 42.08  -80.18      .0  412
1983 10 03 1200 0600 42.60  -80.50    15.6  452
1983 10 03 1200 0600 42.67  -81.15      .0  454
1983 10 03 1200 0600 40.20  -78.25      .0  502
1983 10 03 1200 0600 40.67  -78.23      .0  504
1983 10 03 1200 0600 41.80  -78.63      .0  508
1983 10 03 1200 0600 42.25  -78.80      .0  510
1983 10 03 1200 0600 42.48  -78.93      .0  512
1983 10 03 1200 0600 43.18  -79.40      .0  552
1983 10 03 1200 0600 39.92  -76.75      .0  602
1983 10 03 1200 0600 40.48  -77.13      .0  604
1983 10 03 1200 0600 41.98  -77.57      .0  608
1983 10 03 1200 0600 42.88  -78.03      .0  612
1983 10 03 1200 0600 43.03  -78.18      .0  614
1983 10 03 1200 0600 43.92  -78.67    31.2  652
1983 10 03 1200 0600 44.23  -78.37      .0  653
1983 10 03 1200 0600 44.62  -79.53   202.8  654
1983 10 03 1200 0600 40.37  -75.93      .0  702
1983 10 03 1200 0600 40.78  -74.67      .0  703
1983 10 03 1200 0600 41.02  -75.90    31.2  704
1983 10 03 1200 0600 41.83  -75.87      .0  706
1983 10 03 1200 0600 42.45  -76.45      .0  708
1983 10 03 1200 0600 43.07  -76.83    46.8  710
1983 10 03 1200 0600 43.98  -77.22   171.6  752
1983 10 03 1200 0600 44.68  -77.15    15.6  753
1983 10 03 1200 0600 44.28  -77.78      .0  754
1983 10 03 1200 0600 39.93  -74.70      .0  802
1983 10 03 1200 0600 40.90  -74.60      .0  804
1983 10 03 1200 0600 41.30  -74.67      .0  805
1983 10 03 1200 0600 42.08  -74.97   280.8  807
1983 10 03 1200 0600 42.47  -75.07    93.6  808
1983 10 03 1200 0600 42.92  -75.12   982.8  809
1983 10 03 1200 0600 43.23  -75.40   546.0  810
1983 10 03 1200 0600 43.58  -75.52   358.8  811
1983 10 03 1200 0600 44.48  -76.03   109.2  852
1983 10 03 1200 0600 40.67  -73.52      .0  902
1983 10 03 1200 0600 41.27  -73.80      .0  904
1983 10 03 1200 0600 43.05  -74.20    31.2  908
1983 10 03 1200 0600 43.97  -74.10    15.6  910
1983 10 03 1200 0600 44.80  -75.00   140.4  912
1983 10 03 1200 0600 45.55  -75.52    15.6  952
1983 10 03 1200 0600 43.03  -72.80      .0    6
1983 10 03 1200 0600 43.95  -73.22      .0    8
1983 10 03 1200 0600 44.90  -73.80    15.6   10
1983 10 03 1500 0600 42.70  -82.35      .0  456
1983 10 03 1500 0600 41.95  -72.30      .0    4
1983 10 03 1500 0600 45.98  -74.00    46.8   52
1983 10 03 1800 0600 40.00  -79.08      .0  402
1983 10 03 1800 0600 40.43  -79.15      .0  404
1983 10 03 1800 0600 40.82  -79.53      .0  406
1983 10 03 1800 0600 41.63  -79.70      .0  410
1983 10 03 1800 0600 42.08  -80.18      .0  412
1983 10 03 1800 0600 42.60  -80.50    31.2  452
1983 10 03 1800 0600 42.67  -81.15    15.6  454
1983 10 03 1800 0600 40.20  -78.25      .0  502
1983 10 03 1800 0600 40.67  -78.23      .0  504
1983 10 03 1800 0600 41.80  -78.63      .0  508
1983 10 03 1800 0600 42.25  -78.80      .0  510
1983 10 03 1800 0600 42.48  -78.93      .0  512
1983 10 03 1800 0600 43.18  -79.40      .0  552
1983 10 03 1800 0600 43.52  -79.92      .0  554
1983 10 03 1800 0600 43.98  -80.75      .0  556
1983 10 03 1800 0600 39.92  -76.75      .0  602
1983 10 03 1800 0600 40.48  -77.13      .0  604
1983 10 03 1800 0600 41.98  -77.57      .0  608
1983 10 03 1800 0600 42.88  -78.03      .0  612
1983 10 03 1800 0600 43.03  -78.18      .0  614
1983 10 03 1800 0600 43.92  -78.67      .0  652
1983 10 03 1800 0600 44.23  -78.37      .0  653
1983 10 03 1800 0600 44.62  -79.53    15.6  654
1983 10 03 1800 0600 40.37  -75.93      .0  702
1983 10 03 1800 0600 40.78  -74.67    31.2  703
1983 10 03 1800 0600 41.02  -75.90    62.4  704
1983 10 03 1800 0600 41.83  -75.87   124.8  706
1983 10 03 1800 0600 42.45  -76.45      .0  708
1983 10 03 1800 0600 43.07  -76.83      .0  710
1983 10 03 1800 0600 43.98  -77.22    15.6  752
1983 10 03 1800 0600 44.68  -77.15      .0  753
1983 10 03 1800 0600 44.28  -77.78      .0  754
1983 10 03 1800 0600 39.93  -74.70      .0  802
1983 10 03 1800 0600 40.90  -74.60   124.8  804
1983 10 03 1800 0600 41.30  -74.67   140.4  805
1983 10 03 1800 0600 42.08  -74.97  1060.8  807
1983 10 03 1800 0600 42.47  -75.07    78.0  808
1983 10 03 1800 0600 42.92  -75.12    46.8  809
1983 10 03 1800 0600 43.23  -75.40    46.8  810
1983 10 03 1800 0600 43.58  -75.52   156.0  811
1983 10 03 1800 0600 44.48  -76.03      .0  852
1983 10 03 1800 0600 40.67  -73.52      .0  902
1983 10 03 1800 0600 41.27  -73.80    15.6  904
1983 10 03 1800 0600 43.05  -74.20   358.8  908
1983 10 03 1800 0600 43.97  -74.10   109.2  910
1983 10 03 1800 0600 44.80  -75.00    93.6  912
1983 10 03 1800 0600 45.55  -75.52    78.0  952
1983 10 03 1800 0600 43.03  -72.80   826.8    6
1983 10 03 1800 0600 43.95  -73.22   202.8    8
1983 10 03 1800 0600 44.90  -73.80    93.6   10
1983 10 03 1800 0600 41.73  -71.43      .0  102
1983 10 03 1800 0600 44.27  -71.30    46.8  106
1983 10 03 1800 0600 44.93  -72.20    15.6  108
1983 10 03 1800 0600 46.07  -72.58    15.6  152
1983 10 03 2100 0600 42.70  -82.35      .0  456
1983 10 03 2100 0600 41.95  -72.30      .0    4
1983 10 03 2100 0600 45.98  -74.00    15.6   52
1983 10 03 2100 0600 44.40  -71.18    62.4  107
1983 10 04 0000 0600 40.00  -79.08      .0  402
1983 10 04 0000 0600 40.43  -79.15      .0  404
1983 10 04 0000 0600 40.82  -79.53      .0  406
1983 10 04 0000 0600 41.20  -79.43      .0  408
1983 10 04 0000 0600 41.63  -79.70      .0  410
1983 10 04 0000 0600 42.08  -80.18      .0  412
1983 10 04 0000 0600 42.60  -80.50    15.6  452
1983 10 04 0000 0600 42.67  -81.15    46.8  454
1983 10 04 0000 0600 40.20  -78.25      .0  502
1983 10 04 0000 0600 40.67  -78.23      .0  504
1983 10 04 0000 0600 41.80  -78.63      .0  508
1983 10 04 0000 0600 42.25  -78.80      .0  510
1983 10 04 0000 0600 42.48  -78.93      .0  512
1983 10 04 0000 0600 43.18  -79.40      .0  552
1983 10 04 0000 0600 43.52  -79.92    15.6  554
1983 10 04 0000 0600 43.98  -80.75      .0  556
1983 10 04 0000 0600 39.92  -76.75      .0  602
1983 10 04 0000 0600 40.48  -77.13      .0  604
1983 10 04 0000 0600 41.98  -77.57      .0  608
1983 10 04 0000 0600 42.88  -78.03      .0  612
1983 10 04 0000 0600 43.03  -78.18      .0  614
1983 10 04 0000 0600 43.92  -78.67    62.4  652
1983 10 04 0000 0600 44.23  -78.37      .0  653
1983 10 04 0000 0600 40.37  -75.93      .0  702
1983 10 04 0000 0600 40.78  -74.67      .0  703
1983 10 04 0000 0600 41.02  -75.90    46.8  704
1983 10 04 0000 0600 41.83  -75.87    46.8  706
1983 10 04 0000 0600 42.45  -76.45      .0  708
1983 10 04 0000 0600 43.07  -76.83      .0  710
1983 10 04 0000 0600 43.98  -77.22      .0  752
1983 10 04 0000 0600 44.68  -77.15      .0  753
1983 10 04 0000 0600 44.28  -77.78    15.6  754
1983 10 04 0000 0600 39.93  -74.70      .0  802
1983 10 04 0000 0600 40.90  -74.60    62.4  804
1983 10 04 0000 0600 41.30  -74.67      .0  805
1983 10 04 0000 0600 42.08  -74.97  1201.2  807
1983 10 04 0000 0600 42.47  -75.07    31.2  808
1983 10 04 0000 0600 42.92  -75.12    31.2  809
1983 10 04 0000 0600 43.23  -75.40      .0  810
1983 10 04 0000 0600 43.58  -75.52    15.6  811
1983 10 04 0000 0600 44.48  -76.03      .0  852
1983 10 04 0000 0600 40.67  -73.52      .0  902
1983 10 04 0000 0600 41.27  -73.80      .0  904
1983 10 04 0000 0600 43.05  -74.20      .0  908
1983 10 04 0000 0600 43.97  -74.10    93.6  910
1983 10 04 0000 0600 44.80  -75.00    15.6  912
1983 10 04 0000 0600 45.55  -75.52    15.6  952
1983 10 04 0000 0600 43.03  -72.80  2527.2    6
1983 10 04 0000 0600 43.95  -73.22  1279.2    8
1983 10 04 0000 0600 44.90  -73.80      .0   10
1983 10 04 0000 0600 41.73  -71.43      .0  102
1983 10 04 0000 0600 44.27  -71.30    78.0  106
1983 10 04 0000 0600 44.93  -72.20   452.4  108
1983 10 04 0000 0600 46.07  -72.58    15.6  152
1983 10 04 0300 0600 42.70  -82.35      .0  456
1983 10 04 0300 0600 41.95  -72.30      .0    4
1983 10 04 0300 0600 45.98  -74.00    15.6   52
1983 10 04 0300 0600 44.40  -71.18   312.0  107
1983 10 04 0600 0600 40.00  -79.08      .0  402
1983 10 04 0600 0600 40.43  -79.15      .0  404
1983 10 04 0600 0600 40.82  -79.53      .0  406
1983 10 04 0600 0600 41.20  -79.43      .0  408
1983 10 04 0600 0600 42.08  -80.18      .0  412
1983 10 04 0600 0600 42.60  -80.50    15.6  452
1983 10 04 0600 0600 42.67  -81.15      .0  454
1983 10 04 0600 0600 40.20  -78.25      .0  502
1983 10 04 0600 0600 40.67  -78.23      .0  504
1983 10 04 0600 0600 41.80  -78.63      .0  508
1983 10 04 0600 0600 42.25  -78.80      .0  510
1983 10 04 0600 0600 42.48  -78.93      .0  512
1983 10 04 0600 0600 43.18  -79.40      .0  552
1983 10 04 0600 0600 43.52  -79.92      .0  554
1983 10 04 0600 0600 43.98  -80.75      .0  556
1983 10 04 0600 0600 39.92  -76.75      .0  602
1983 10 04 0600 0600 40.48  -77.13      .0  604
1983 10 04 0600 0600 41.25  -76.92      .0  606
1983 10 04 0600 0600 41.98  -77.57      .0  608
1983 10 04 0600 0600 42.88  -78.03    15.6  612
1983 10 04 0600 0600 43.03  -78.18      .0  614
1983 10 04 0600 0600 43.92  -78.67    78.0  652
1983 10 04 0600 0600 44.23  -78.37      .0  653
1983 10 04 0600 0600 44.62  -79.53    62.4  654
1983 10 04 0600 0600 40.37  -75.93      .0  702
1983 10 04 0600 0600 40.78  -74.67      .0  703
1983 10 04 0600 0600 41.02  -75.90    31.2  704
1983 10 04 0600 0600 41.83  -75.87   124.8  706
1983 10 04 0600 0600 42.45  -76.45      .0  708
1983 10 04 0600 0600 43.07  -76.83      .0  710
1983 10 04 0600 0600 43.98  -77.22      .0  752
1983 10 04 0600 0600 44.68  -77.15      .0  753
1983 10 04 0600 0600 44.28  -77.78      .0  754
1983 10 04 0600 0600 39.93  -74.70      .0  802
1983 10 04 0600 0600 40.90  -74.60      .0  804
1983 10 04 0600 0600 41.30  -74.67      .0  805
1983 10 04 0600 0600 42.08  -74.97   764.4  807
1983 10 04 0600 0600 42.47  -75.07      .0  808
1983 10 04 0600 0600 42.92  -75.12    31.2  809
1983 10 04 0600 0600 43.23  -75.40      .0  810
1983 10 04 0600 0600 43.58  -75.52    31.2  811
1983 10 04 0600 0600 44.48  -76.03      .0  852
1983 10 04 0600 0600 40.67  -73.52      .0  902
1983 10 04 0600 0600 41.27  -73.80      .0  904
1983 10 04 0600 0600 43.05  -74.20      .0  908
1983 10 04 0600 0600 43.97  -74.10      .0  910
1983 10 04 0600 0600 44.80  -75.00    15.6  912
1983 10 04 0600 0600 45.55  -75.52      .0  952
1983 10 04 0600 0600 43.03  -72.80   187.2    6
1983 10 04 0600 0600 43.95  -73.22  1232.4    8
1983 10 04 0600 0600 44.90  -73.80      .0   10
1983 10 04 0600 0600 41.73  -71.43      .0  102
1983 10 04 0600 0600 44.27  -71.30    62.4  106
1983 10 04 0600 0600 44.93  -72.20    46.8  108
1983 10 04 0600 0600 46.07  -72.58      .0  152
1983 10 04 0900 0600 41.95  -72.30      .0    4
1983 10 04 0900 0600 45.98  -74.00      .0   52
1983 10 04 0900 0600 44.40  -71.18   218.4  107
1983 10 04 1200 0600 39.92  -76.75      .0  602
1983 10 04 1200 0600 40.48  -77.13      .0  604
1983 10 04 1200 0600 41.25  -76.92      .0  606
1983 10 04 1200 0600 41.98  -77.57      .0  608
1983 10 04 1200 0600 42.88  -78.03      .0  612
1983 10 04 1200 0600 43.03  -78.18      .0  614
1983 10 04 1200 0600 43.92  -78.67      .0  652
1983 10 04 1200 0600 44.23  -78.37      .0  653
1983 10 04 1200 0600 44.62  -79.53      .0  654
1983 10 04 1200 0600 40.37  -75.93      .0  702
1983 10 04 1200 0600 40.78  -74.67      .0  703
1983 10 04 1200 0600 41.83  -75.87   156.0  706
1983 10 04 1200 0600 42.45  -76.45      .0  708
1983 10 04 1200 0600 43.07  -76.83      .0  710
1983 10 04 1200 0600 43.98  -77.22      .0  752
1983 10 04 1200 0600 44.68  -77.15      .0  753
1983 10 04 1200 0600 44.28  -77.78      .0  754
1983 10 04 1200 0600 39.93  -74.70      .0  802
1983 10 04 1200 0600 40.90  -74.60      .0  804
1983 10 04 1200 0600 41.30  -74.67      .0  805
1983 10 04 1200 0600 42.08  -74.97   296.4  807
1983 10 04 1200 0600 42.47  -75.07      .0  808
1983 10 04 1200 0600 42.92  -75.12    31.2  809
1983 10 04 1200 0600 43.23  -75.40      .0  810
1983 10 04 1200 0600 44.48  -76.03      .0  852
1983 10 04 1200 0600 40.67  -73.52      .0  902
1983 10 04 1200 0600 41.27  -73.80      .0  904
1983 10 04 1200 0600 43.05  -74.20    15.6  908
1983 10 04 1200 0600 43.97  -74.10      .0  910
1983 10 04 1200 0600 44.80  -75.00      .0  912
1983 10 04 1200 0600 45.55  -75.52      .0  952
1983 10 04 1200 0600 41.10  -72.37      .0    2
1983 10 04 1200 0600 43.03  -72.80      .0    6
1983 10 04 1200 0600 43.95  -73.22   436.8    8
1983 10 04 1200 0600 44.90  -73.80      .0   10
1983 10 04 1200 0600 41.73  -71.43      .0  102
1983 10 04 1200 0600 44.27  -71.30      .0  106
1983 10 04 1200 0600 44.93  -72.20    15.6  108
1983 10 04 1200 0600 46.07  -72.58      .0  152
1983 10 04 1500 0600 40.45  -74.80      .0  803
1983 10 04 1500 0600 41.95  -72.30      .0    4
1983 10 04 1500 0600 44.40  -71.18    46.8  107
1983 10 04 1800 0600 41.25  -76.92      .0  606
1983 10 04 1800 0600 40.78  -74.67      .0  703
1983 10 04 1800 0600 43.07  -76.83      .0  710
1983 10 04 1800 0600 39.93  -74.70      .0  802
1983 10 04 1800 0600 40.90  -74.60      .0  804
1983 10 04 1800 0600 41.30  -74.67      .0  805
1983 10 04 1800 0600 42.08  -74.97    46.8  807
1983 10 04 1800 0600 42.47  -75.07    15.6  808
1983 10 04 1800 0600 42.92  -75.12    15.6  809
1983 10 04 1800 0600 43.23  -75.40      .0  810
1983 10 04 1800 0600 43.58  -75.52    46.8  811
1983 10 04 1800 0600 44.48  -76.03      .0  852
1983 10 04 1800 0600 40.67  -73.52      .0  902
1983 10 04 1800 0600 41.27  -73.80      .0  904
1983 10 04 1800 0600 43.05  -74.20    15.6  908
1983 10 04 1800 0600 43.97  -74.10      .0  910
1983 10 04 1800 0600 44.80  -75.00      .0  912
1983 10 04 1800 0600 45.55  -75.52      .0  952
1983 10 04 1800 0600 41.10  -72.37      .0    2
1983 10 04 1800 0600 43.03  -72.80      .0    6
1983 10 04 1800 0600 43.95  -73.22      .0    8
1983 10 04 1800 0600 44.90  -73.80      .0   10
1983 10 04 1800 0600 41.73  -71.43      .0  102
1983 10 04 1800 0600 44.27  -71.30      .0  106
1983 10 04 1800 0600 44.93  -72.20      .0  108
1983 10 04 1800 0600 46.07  -72.58      .0  152
1983 10 04 2100 0600 40.45  -74.80      .0  803
1983 10 04 2100 0600 41.95  -72.30      .0    4
1983 10 04 2100 0600 44.40  -71.18    15.6  107
1983 10 05 0000 0600 41.25  -76.92      .0  606
1983 10 05 0000 0600 41.73  -71.43      .0  102
1983 10 05 0000 0600 44.27  -71.30      .0  106
1983 10 05 0000 0600 44.93  -72.20    15.6  108
1983 10 05 0000 0600 46.07  -72.58      .0  152
1983 10 05 0300 0600 40.45  -74.80      .0  803
1983 10 05 0300 0600 44.40  -71.18      .0  107
1983 10 05 0900 0600 40.45  -74.80      .0  803
1983 10 05 1200 0600 41.25  -76.92      .0  606