Yr Mo Da Hr dur Lat Lon Calc Site
1983 10 2 2100 300 40.38 -80.63 0.0 306
1983 10 2 2100 300 40.77 -80.75 0.0 308
1983 10 2 2100 300 40.92 -81.43 0.0 310
1983 10 2 2100 300 41.3 -81.15 0.0 312
1983 10 2 2100 300 41.42 -81.87 0.0 314
1983 10 2 2100 300 41.3 -82.22 0.0 316
1983 10 2 2100 300 41.27 -82.62 0.0 318
1983 10 2 2100 300 41.33 -83.12 0.0 320
1983 10 2 2100 600 42.7 -82.35 0.0 456
1983 10 3 0 300 40.38 -80.63 0.0 306
1983 10 3 0 300 40.77 -80.75 0.0 308
1983 10 3 0 300 40.92 -81.43 0.0 310
1983 10 3 0 300 41.3 -81.15 0.0 312
1983 10 3 0 300 41.42 -81.87 0.0 314
1983 10 3 0 300 41.3 -82.22 0.0 316
1983 10 3 0 300 41.27 -82.62 41.39009661635391 318
1983 10 3 0 300 41.33 -83.12 333.9710056663187 320
1983 10 3 0 600 40.0 -79.08 0.0 402
1983 10 3 0 600 40.43 -79.15 0.0 404
1983 10 3 0 600 40.82 -79.53 0.0 406
1983 10 3 0 600 41.2 -79.43 0.0 408
1983 10 3 0 600 41.63 -79.7 0.0 410
1983 10 3 0 600 42.08 -80.18 0.0 412
1983 10 3 0 600 42.6 -80.5 0.0 452
1983 10 3 0 600 42.67 -81.15 0.0 454
1983 10 3 0 600 40.2 -78.25 0.0 502
1983 10 3 0 600 40.67 -78.23 0.0 504
1983 10 3 0 600 41.8 -78.63 0.0 508
1983 10 3 0 600 42.25 -78.8 0.0 510
1983 10 3 0 600 42.48 -78.93 0.0 512
1983 10 3 0 600 43.18 -79.4 0.0 552
1983 10 3 0 600 43.98 -80.75 0.0 556
1983 10 3 300 300 40.38 -80.63 0.0 306
1983 10 3 300 300 40.77 -80.75 0.0 308
1983 10 3 300 300 40.92 -81.43 13.722919276187383 310
1983 10 3 300 300 41.3 -81.15 20.389547699698717 312
1983 10 3 300 300 41.42 -81.87 826.3100123399158 314
1983 10 3 300 300 41.3 -82.22 1880.395321307535 316
1983 10 3 300 300 41.27 -82.62 7312.334937049158 318
1983 10 3 300 300 41.33 -83.12 15828.22394000843 320
1983 10 3 300 600 42.7 -82.35 348.849183032549 456
1983 10 3 300 600 45.98 -74.0 0.0 52
1983 10 3 600 300 40.38 -80.63 2.3236089493548597 306
1983 10 3 600 300 40.77 -80.75 13.72035610131201 308
1983 10 3 600 300 40.92 -81.43 21.26288968024184 310
1983 10 3 600 300 41.3 -81.15 369.47874352163 312
1983 10 3 600 300 41.42 -81.87 1283.9076723165656 314
1983 10 3 600 300 41.3 -82.22 496.1199273317587 316
1983 10 3 600 300 41.27 -82.62 778.3373675127476 318
1983 10 3 600 300 41.33 -83.12 452.4854349981401 320
1983 10 3 600 600 40.0 -79.08 3.11661556141707 402
1983 10 3 600 600 40.43 -79.15 7.537937556979672 404
1983 10 3 600 600 40.82 -79.53 16.53185300550688 406
1983 10 3 600 600 41.2 -79.43 22.804764945170728 408
1983 10 3 600 600 41.63 -79.7 137.88002978492668 410
1983 10 3 600 600 42.08 -80.18 849.6438198022779 412
1983 10 3 600 600 42.6 -80.5 693.558423720952 452
1983 10 3 600 600 42.67 -81.15 731.113885163544 454
1983 10 3 600 600 40.2 -78.25 0.0 502
1983 10 3 600 600 40.67 -78.23 0.0 504
1983 10 3 600 600 41.8 -78.63 12.399328891103382 508
1983 10 3 600 600 42.25 -78.8 42.90807612005022 510
1983 10 3 600 600 42.48 -78.93 68.77542992384912 512
1983 10 3 600 600 43.18 -79.4 52.02358538835132 552
1983 10 3 600 600 43.98 -80.75 1.3438019774155845 556
1983 10 3 600 600 39.92 -76.75 0.0 602
1983 10 3 600 600 40.48 -77.13 0.0 604
1983 10 3 600 600 41.25 -76.92 0.0 606
1983 10 3 600 600 41.98 -77.57 0.0 608
1983 10 3 600 600 42.88 -78.03 0.0 612
1983 10 3 600 600 43.03 -78.18 0.0 614
1983 10 3 600 600 44.23 -78.37 0.0 653
1983 10 3 600 600 44.62 -79.53 0.0 654
1983 10 3 600 600 40.37 -75.93 0.0 702
1983 10 3 600 600 41.02 -75.9 0.0 704
1983 10 3 600 600 41.83 -75.87 0.0 706
1983 10 3 600 600 42.45 -76.45 0.0 708
1983 10 3 600 600 43.98 -77.22 0.0 752
1983 10 3 600 600 44.68 -77.15 0.0 753
1983 10 3 600 600 44.28 -77.78 0.0 754
1983 10 3 900 300 40.38 -80.63 2.473975351344779 306
1983 10 3 900 300 40.77 -80.75 7.6729870173137185 308
1983 10 3 900 300 40.92 -81.43 0.0 310
1983 10 3 900 300 41.3 -81.15 23.783240163827127 312
1983 10 3 900 300 41.42 -81.87 1.7050637879774913 314
1983 10 3 900 300 41.3 -82.22 0.0 316
1983 10 3 900 300 41.27 -82.62 0.0 318
1983 10 3 900 300 41.33 -83.12 0.0 320
1983 10 3 900 600 42.7 -82.35 2797.850201195962 456
1983 10 3 900 600 45.98 -74.0 0.0 52
1983 10 3 1200 300 40.38 -80.63 2.172244174744861 306
1983 10 3 1200 300 40.77 -80.75 1.2424482263439312 308
1983 10 3 1200 300 40.92 -81.43 0.0 310
1983 10 3 1200 300 41.3 -81.15 0.0 312
1983 10 3 1200 300 41.42 -81.87 0.0 314
1983 10 3 1200 300 41.3 -82.22 0.0 316
1983 10 3 1200 300 41.27 -82.62 0.0 318
1983 10 3 1200 300 41.33 -83.12 0.0 320
1983 10 3 1200 600 40.0 -79.08 59.96173861718175 402
1983 10 3 1200 600 40.43 -79.15 63.507933801411916 404
1983 10 3 1200 600 40.82 -79.53 30.876834110255896 406
1983 10 3 1200 600 41.2 -79.43 30.998081912221746 408
1983 10 3 1200 600 41.63 -79.7 13.539957927360724 410
1983 10 3 1200 600 42.08 -80.18 17.7710971904253 412
1983 10 3 1200 600 42.6 -80.5 83.02976969909128 452
1983 10 3 1200 600 42.67 -81.15 20.460493695182798 454
1983 10 3 1200 600 40.2 -78.25 263.61079730796723 502
1983 10 3 1200 600 40.67 -78.23 263.0834016883806 504
1983 10 3 1200 600 41.8 -78.63 138.66736224774314 508
1983 10 3 1200 600 42.25 -78.8 236.9798777626828 510
1983 10 3 1200 600 42.48 -78.93 347.10800379667677 512
1983 10 3 1200 600 43.18 -79.4 789.2015691309724 552
1983 10 3 1200 600 39.92 -76.75 23.206061917761186 602
1983 10 3 1200 600 40.48 -77.13 242.69032432875665 604
1983 10 3 1200 600 41.98 -77.57 386.05038909696475 608
1983 10 3 1200 600 42.88 -78.03 278.07282197155035 612
1983 10 3 1200 600 43.03 -78.18 302.98226790436433 614
1983 10 3 1200 600 43.92 -78.67 637.7098985523164 652
1983 10 3 1200 600 44.23 -78.37 432.9381739128534 653
1983 10 3 1200 600 44.62 -79.53 404.29295099981334 654
1983 10 3 1200 600 40.37 -75.93 4.639149573691276 702
1983 10 3 1200 600 40.78 -74.67 0.0 703
1983 10 3 1200 600 41.02 -75.9 21.60492152345843 704
1983 10 3 1200 600 41.83 -75.87 60.08529699517131 706
1983 10 3 1200 600 42.45 -76.45 261.92538922775253 708
1983 10 3 1200 600 43.07 -76.83 250.109016283231 710
1983 10 3 1200 600 43.98 -77.22 217.723356964097 752
1983 10 3 1200 600 44.68 -77.15 138.00424457399942 753
1983 10 3 1200 600 44.28 -77.78 310.77633150060734 754
1983 10 3 1200 600 39.93 -74.7 0.0 802
1983 10 3 1200 600 40.9 -74.6 0.0 804
1983 10 3 1200 600 41.3 -74.67 0.0 805
1983 10 3 1200 600 42.08 -74.97 1.190734232191227 807
1983 10 3 1200 600 42.47 -75.07 3.1559064524014686 808
1983 10 3 1200 600 42.92 -75.12 5.035081214928923 809
1983 10 3 1200 600 43.23 -75.4 11.053127274720667 810
1983 10 3 1200 600 43.58 -75.52 9.139040248019569 811
1983 10 3 1200 600 44.48 -76.03 21.413258458476623 852
1983 10 3 1200 600 40.67 -73.52 0.0 902
1983 10 3 1200 600 41.27 -73.8 0.0 904
1983 10 3 1200 600 43.05 -74.2 0.0 908
1983 10 3 1200 600 43.97 -74.1 0.0 910
1983 10 3 1200 600 44.8 -75.0 3.2837269764813035 912
1983 10 3 1200 600 45.55 -75.52 3.3937802868716314 952
1983 10 3 1200 600 43.03 -72.8 0.0 6
1983 10 3 1200 600 43.95 -73.22 0.0 8
1983 10 3 1200 600 44.9 -73.8 0.0 10
1983 10 3 1500 600 42.7 -82.35 0.0 456
1983 10 3 1500 600 41.95 -72.3 0.0 4
1983 10 3 1500 600 45.98 -74.0 12.134459860371518 52
1983 10 3 1800 600 40.0 -79.08 3.5437786431666463 402
1983 10 3 1800 600 40.43 -79.15 1.010065127293212 404
1983 10 3 1800 600 40.82 -79.53 0.0 406
1983 10 3 1800 600 41.63 -79.7 0.0 410
1983 10 3 1800 600 42.08 -80.18 0.0 412
1983 10 3 1800 600 42.6 -80.5 0.0 452
1983 10 3 1800 600 42.67 -81.15 0.0 454
1983 10 3 1800 600 40.2 -78.25 106.95879298928317 502
1983 10 3 1800 600 40.67 -78.23 68.60991233033484 504
1983 10 3 1800 600 41.8 -78.63 0.0 508
1983 10 3 1800 600 42.25 -78.8 0.0 510
1983 10 3 1800 600 42.48 -78.93 0.0 512
1983 10 3 1800 600 43.18 -79.4 0.0 552
1983 10 3 1800 600 43.52 -79.92 1.4100364197829243 554
1983 10 3 1800 600 43.98 -80.75 3.359367043825487 556
1983 10 3 1800 600 39.92 -76.75 351.0763000854901 602
1983 10 3 1800 600 40.48 -77.13 877.1947597926959 604
1983 10 3 1800 600 41.98 -77.57 64.30748679625283 608
1983 10 3 1800 600 42.88 -78.03 3.5383893933578094 612
1983 10 3 1800 600 43.03 -78.18 4.034740317488507 614
1983 10 3 1800 600 43.92 -78.67 26.830825491617965 652
1983 10 3 1800 600 44.23 -78.37 68.79259847191177 653
1983 10 3 1800 600 44.62 -79.53 50.04509342955042 654
1983 10 3 1800 600 40.37 -75.93 224.93803014351 702
1983 10 3 1800 600 40.78 -74.67 149.5941367212497 703
1983 10 3 1800 600 41.02 -75.9 560.0537064153154 704
1983 10 3 1800 600 41.83 -75.87 653.6424346390567 706
1983 10 3 1800 600 42.45 -76.45 212.87202875653716 708
1983 10 3 1800 600 43.07 -76.83 55.06303619950515 710
1983 10 3 1800 600 43.98 -77.22 114.03490668701265 752
1983 10 3 1800 600 44.68 -77.15 287.702009019653 753
1983 10 3 1800 600 44.28 -77.78 125.68410697274287 754
1983 10 3 1800 600 39.93 -74.7 20.88357007282965 802
1983 10 3 1800 600 40.9 -74.6 186.61106956297243 804
1983 10 3 1800 600 41.3 -74.67 331.52332428019184 805
1983 10 3 1800 600 42.08 -74.97 432.8184481147248 807
1983 10 3 1800 600 42.47 -75.07 389.93680382124097 808
1983 10 3 1800 600 42.92 -75.12 270.3967845876286 809
1983 10 3 1800 600 43.23 -75.4 167.6064141798949 810
1983 10 3 1800 600 43.58 -75.52 109.0391483464061 811
1983 10 3 1800 600 44.48 -76.03 221.73232787833746 852
1983 10 3 1800 600 40.67 -73.52 1.6168652231367788 902
1983 10 3 1800 600 41.27 -73.8 64.87954238680784 904
1983 10 3 1800 600 43.05 -74.2 656.9475727075861 908
1983 10 3 1800 600 43.97 -74.1 256.7623942099679 910
1983 10 3 1800 600 44.8 -75.0 217.80464112513766 912
1983 10 3 1800 600 45.55 -75.52 457.84062726416784 952
1983 10 3 1800 600 43.03 -72.8 9.193846930027194 6
1983 10 3 1800 600 43.95 -73.22 117.57029609604808 8
1983 10 3 1800 600 44.9 -73.8 204.26160873832356 10
1983 10 3 1800 600 41.73 -71.43 0.0 102
1983 10 3 1800 600 44.27 -71.3 0.0 106
1983 10 3 1800 600 44.93 -72.2 15.899666825907 108
1983 10 3 1800 600 46.07 -72.58 40.33574168862953 152
1983 10 3 2100 600 42.7 -82.35 0.0 456
1983 10 3 2100 600 41.95 -72.3 8.649550332609836 4
1983 10 3 2100 600 45.98 -74.0 718.9986513651855 52
1983 10 3 2100 600 44.4 -71.18 20.830231368469242 107
1983 10 4 0 600 40.0 -79.08 0.0 402
1983 10 4 0 600 40.43 -79.15 0.0 404
1983 10 4 0 600 40.82 -79.53 0.0 406
1983 10 4 0 600 41.2 -79.43 0.0 408
1983 10 4 0 600 41.63 -79.7 0.0 410
1983 10 4 0 600 42.08 -80.18 0.0 412
1983 10 4 0 600 42.6 -80.5 0.0 452
1983 10 4 0 600 42.67 -81.15 0.0 454
1983 10 4 0 600 40.2 -78.25 4.551175479754428 502
1983 10 4 0 600 40.67 -78.23 1.3587258090275895 504
1983 10 4 0 600 41.8 -78.63 0.0 508
1983 10 4 0 600 42.25 -78.8 0.0 510
1983 10 4 0 600 42.48 -78.93 0.0 512
1983 10 4 0 600 43.18 -79.4 0.0 552
1983 10 4 0 600 43.52 -79.92 0.0 554
1983 10 4 0 600 43.98 -80.75 0.0 556
1983 10 4 0 600 39.92 -76.75 72.5709107580799 602
1983 10 4 0 600 40.48 -77.13 112.02691683989651 604
1983 10 4 0 600 41.98 -77.57 0.0 608
1983 10 4 0 600 42.88 -78.03 0.0 612
1983 10 4 0 600 43.03 -78.18 0.0 614
1983 10 4 0 600 43.92 -78.67 0.0 652
1983 10 4 0 600 44.23 -78.37 0.0 653
1983 10 4 0 600 40.37 -75.93 127.91851295372243 702
1983 10 4 0 600 40.78 -74.67 1001.137937026417 703
1983 10 4 0 600 41.02 -75.9 210.7788130914971 704
1983 10 4 0 600 41.83 -75.87 166.07940773501423 706
1983 10 4 0 600 42.45 -76.45 4.397511514913328 708
1983 10 4 0 600 43.07 -76.83 0.0 710
1983 10 4 0 600 43.98 -77.22 0.0 752
1983 10 4 0 600 44.68 -77.15 29.454727167387862 753
1983 10 4 0 600 44.28 -77.78 2.202504774448799 754
1983 10 4 0 600 39.93 -74.7 199.01493061064053 802
1983 10 4 0 600 40.9 -74.6 1352.7777261218987 804
1983 10 4 0 600 41.3 -74.67 1492.3919602669248 805
1983 10 4 0 600 42.08 -74.97 246.19170982230887 807
1983 10 4 0 600 42.47 -75.07 118.4737696341971 808
1983 10 4 0 600 42.92 -75.12 52.298351048676594 809
1983 10 4 0 600 43.23 -75.4 9.985996981861042 810
1983 10 4 0 600 43.58 -75.52 1.2877869692165962 811
1983 10 4 0 600 44.48 -76.03 26.2080389225147 852
1983 10 4 0 600 40.67 -73.52 21.05941310014654 902
1983 10 4 0 600 41.27 -73.8 290.3089525179063 904
1983 10 4 0 600 43.05 -74.2 2943.5584137130973 908
1983 10 4 0 600 43.97 -74.1 713.4774432827629 910
1983 10 4 0 600 44.8 -75.0 99.74474061620298 912
1983 10 4 0 600 45.55 -75.52 450.01748594294213 952
1983 10 4 0 600 43.03 -72.8 134.8122237757936 6
1983 10 4 0 600 43.95 -73.22 1103.4430040758048 8
1983 10 4 0 600 44.9 -73.8 413.8542053620361 10
1983 10 4 0 600 41.73 -71.43 4.900231004204863 102
1983 10 4 0 600 44.27 -71.3 126.49632636609368 106
1983 10 4 0 600 44.93 -72.2 37.75119891278819 108
1983 10 4 0 600 46.07 -72.58 831.0111501307322 152
1983 10 4 300 600 42.7 -82.35 0.0 456
1983 10 4 300 600 41.95 -72.3 515.7288864226637 4
1983 10 4 300 600 45.98 -74.0 450.2275870614531 52
1983 10 4 300 600 44.4 -71.18 319.44184280282576 107
1983 10 4 600 600 40.0 -79.08 0.0 402
1983 10 4 600 600 40.43 -79.15 0.0 404
1983 10 4 600 600 40.82 -79.53 0.0 406
1983 10 4 600 600 41.2 -79.43 0.0 408
1983 10 4 600 600 42.08 -80.18 0.0 412
1983 10 4 600 600 42.6 -80.5 0.0 452
1983 10 4 600 600 42.67 -81.15 0.0 454
1983 10 4 600 600 40.2 -78.25 2.3716263857717075 502
1983 10 4 600 600 40.67 -78.23 0.0 504
1983 10 4 600 600 41.8 -78.63 0.0 508
1983 10 4 600 600 42.25 -78.8 0.0 510
1983 10 4 600 600 42.48 -78.93 0.0 512
1983 10 4 600 600 43.18 -79.4 0.0 552
1983 10 4 600 600 43.52 -79.92 0.0 554
1983 10 4 600 600 43.98 -80.75 0.0 556
1983 10 4 600 600 39.92 -76.75 6.209700525680139 602
1983 10 4 600 600 40.48 -77.13 8.62527376330709 604
1983 10 4 600 600 41.25 -76.92 4.647821323293278 606
1983 10 4 600 600 41.98 -77.57 0.0 608
1983 10 4 600 600 42.88 -78.03 0.0 612
1983 10 4 600 600 43.03 -78.18 0.0 614
1983 10 4 600 600 43.92 -78.67 0.0 652
1983 10 4 600 600 44.23 -78.37 1.2335567375297107 653
1983 10 4 600 600 44.62 -79.53 2.482288370371679 654
1983 10 4 600 600 40.37 -75.93 20.48387332249356 702
1983 10 4 600 600 40.78 -74.67 279.36345574749816 703
1983 10 4 600 600 41.02 -75.9 27.41249812555545 704
1983 10 4 600 600 41.83 -75.87 13.022724926282248 706
1983 10 4 600 600 42.45 -76.45 0.0 708
1983 10 4 600 600 43.07 -76.83 0.0 710
1983 10 4 600 600 43.98 -77.22 0.0 752
1983 10 4 600 600 44.68 -77.15 16.782222233456068 753
1983 10 4 600 600 44.28 -77.78 2.2848246634493687 754
1983 10 4 600 600 39.93 -74.7 52.00530615581473 802
1983 10 4 600 600 40.9 -74.6 383.70462734537284 804
1983 10 4 600 600 41.3 -74.67 552.3855354479549 805
1983 10 4 600 600 42.08 -74.97 112.49732168895945 807
1983 10 4 600 600 42.47 -75.07 43.17088450373238 808
1983 10 4 600 600 42.92 -75.12 14.235637397931779 809
1983 10 4 600 600 43.23 -75.4 2.8677236194448206 810
1983 10 4 600 600 43.58 -75.52 2.0017216899465176 811
1983 10 4 600 600 44.48 -76.03 17.565351534767174 852
1983 10 4 600 600 40.67 -73.52 201.0223924485865 902
1983 10 4 600 600 41.27 -73.8 714.9498528214887 904
1983 10 4 600 600 43.05 -74.2 434.6429763457962 908
1983 10 4 600 600 43.97 -74.1 205.63865328055203 910
1983 10 4 600 600 44.8 -75.0 56.96316407843709 912
1983 10 4 600 600 45.55 -75.52 101.25516637986492 952
1983 10 4 600 600 43.03 -72.8 605.449344980299 6
1983 10 4 600 600 43.95 -73.22 404.6891048148543 8
1983 10 4 600 600 44.9 -73.8 155.46559642225947 10
1983 10 4 600 600 41.73 -71.43 420.79576622665087 102
1983 10 4 600 600 44.27 -71.3 383.15422425051037 106
1983 10 4 600 600 44.93 -72.2 62.28142107875642 108
1983 10 4 600 600 46.07 -72.58 576.8935485521708 152
1983 10 4 900 600 41.95 -72.3 745.1679836839671 4
1983 10 4 900 600 45.98 -74.0 24.698647987885764 52
1983 10 4 900 600 44.4 -71.18 150.2094042750439 107
1983 10 4 1200 600 39.92 -76.75 1.7601854344307852 602
1983 10 4 1200 600 40.48 -77.13 0.0 604
1983 10 4 1200 600 41.25 -76.92 0.0 606
1983 10 4 1200 600 41.98 -77.57 0.0 608
1983 10 4 1200 600 42.88 -78.03 0.0 612
1983 10 4 1200 600 43.03 -78.18 0.0 614
1983 10 4 1200 600 43.92 -78.67 0.0 652
1983 10 4 1200 600 44.23 -78.37 1.3617353247984145 653
1983 10 4 1200 600 44.62 -79.53 1.5947633352328934 654
1983 10 4 1200 600 40.37 -75.93 8.135794521037722 702
1983 10 4 1200 600 40.78 -74.67 34.69481397266629 703
1983 10 4 1200 600 41.83 -75.87 0.0 706
1983 10 4 1200 600 42.45 -76.45 0.0 708
1983 10 4 1200 600 43.07 -76.83 0.0 710
1983 10 4 1200 600 43.98 -77.22 1.1695442928584447 752
1983 10 4 1200 600 44.68 -77.15 5.027336061765391 753
1983 10 4 1200 600 44.28 -77.78 2.0523355889274897 754
1983 10 4 1200 600 39.93 -74.7 3.664794274442559 802
1983 10 4 1200 600 40.9 -74.6 40.744215368352535 804
1983 10 4 1200 600 41.3 -74.67 34.74598447250806 805
1983 10 4 1200 600 42.08 -74.97 3.3188680071168064 807
1983 10 4 1200 600 42.47 -75.07 1.1986154839956382 808
1983 10 4 1200 600 42.92 -75.12 0.0 809
1983 10 4 1200 600 43.23 -75.4 0.0 810
1983 10 4 1200 600 44.48 -76.03 5.5055025229057275 852
1983 10 4 1200 600 40.67 -73.52 28.22465145666435 902
1983 10 4 1200 600 41.27 -73.8 75.63427310626413 904
1983 10 4 1200 600 43.05 -74.2 2.884563165013138 908
1983 10 4 1200 600 43.97 -74.1 5.2354885849709 910
1983 10 4 1200 600 44.8 -75.0 8.435020637679651 912
1983 10 4 1200 600 45.55 -75.52 3.068689693942315 952
1983 10 4 1200 600 41.1 -72.37 84.77200638397551 2
1983 10 4 1200 600 43.03 -72.8 37.4807528796587 6
1983 10 4 1200 600 43.95 -73.22 8.373978527137748 8
1983 10 4 1200 600 44.9 -73.8 10.422221111508643 10
1983 10 4 1200 600 41.73 -71.43 269.55308175871465 102
1983 10 4 1200 600 44.27 -71.3 38.64530620917466 106
1983 10 4 1200 600 44.93 -72.2 15.113856165595458 108
1983 10 4 1200 600 46.07 -72.58 1.8175138282568943 152
1983 10 4 1500 600 40.45 -74.8 1.8281718729762082 803
1983 10 4 1500 600 41.95 -72.3 37.41726498592455 4
1983 10 4 1500 600 44.4 -71.18 23.9210690164521 107
1983 10 4 1800 600 41.25 -76.92 0.0 606
1983 10 4 1800 600 40.78 -74.67 0.0 703
1983 10 4 1800 600 43.07 -76.83 0.0 710
1983 10 4 1800 600 39.93 -74.7 0.0 802
1983 10 4 1800 600 40.9 -74.6 0.0 804
1983 10 4 1800 600 41.3 -74.67 0.0 805
1983 10 4 1800 600 42.08 -74.97 0.0 807
1983 10 4 1800 600 42.47 -75.07 0.0 808
1983 10 4 1800 600 42.92 -75.12 0.0 809
1983 10 4 1800 600 43.23 -75.4 0.0 810
1983 10 4 1800 600 43.58 -75.52 0.0 811
1983 10 4 1800 600 44.48 -76.03 1.0755283673958067 852
1983 10 4 1800 600 40.67 -73.52 0.0 902
1983 10 4 1800 600 41.27 -73.8 1.3273440446550642 904
1983 10 4 1800 600 43.05 -74.2 0.0 908
1983 10 4 1800 600 43.97 -74.1 0.0 910
1983 10 4 1800 600 44.8 -75.0 2.4047551598476726 912
1983 10 4 1800 600 45.55 -75.52 2.2630106852576377 952
1983 10 4 1800 600 41.1 -72.37 5.651838451967192 2
1983 10 4 1800 600 43.03 -72.8 3.604088086158456 6
1983 10 4 1800 600 43.95 -73.22 1.2296496176172773 8
1983 10 4 1800 600 44.9 -73.8 6.305345508004744 10
1983 10 4 1800 600 41.73 -71.43 33.31528134828126 102
1983 10 4 1800 600 44.27 -71.3 17.73181006306726 106
1983 10 4 1800 600 44.93 -72.2 22.203085066291322 108
1983 10 4 1800 600 46.07 -72.58 3.4850422361432294 152
1983 10 4 2100 600 40.45 -74.8 0.0 803
1983 10 4 2100 600 41.95 -72.3 5.186263639612444 4
1983 10 4 2100 600 44.4 -71.18 21.265758127659158 107
1983 10 5 0 600 41.25 -76.92 0.0 606
1983 10 5 0 600 41.73 -71.43 2.4320386142937753 102
1983 10 5 0 600 44.27 -71.3 17.57710355151901 106
1983 10 5 0 600 44.93 -72.2 14.532148297575379 108
1983 10 5 0 600 46.07 -72.58 4.528054619888406 152
1983 10 5 300 600 40.45 -74.8 0.0 803
1983 10 5 300 600 44.4 -71.18 12.355730049256422 107
1983 10 5 900 600 40.45 -74.8 0.0 803
1983 10 5 1200 600 41.25 -76.92 0.0 606
