Yr Mo Da Hr dur Lat Lon Calc Site
1983 10 29 600 600 40.78 -74.67 0.0 703
1983 10 29 600 600 41.02 -75.9 0.0 704
1983 10 29 600 600 41.83 -75.87 0.0 706
1983 10 29 600 600 42.45 -76.45 0.0 708
1983 10 29 600 600 39.93 -74.7 0.0 802
1983 10 29 600 600 40.9 -74.6 0.0 804
1983 10 29 600 600 41.63 -74.8 0.0 806
1983 10 29 600 600 42.08 -74.97 0.0 807
1983 10 29 600 600 43.23 -75.4 0.0 810
1983 10 29 600 600 40.67 -73.52 0.0 902
1983 10 29 600 600 43.05 -74.2 0.0 908
1983 10 29 600 600 43.97 -74.1 0.0 910
1983 10 29 600 600 44.8 -75.0 0.0 912
1983 10 29 600 600 41.95 -72.3 0.0 4
1983 10 29 600 600 41.73 -71.43 0.0 102
1983 10 29 600 600 42.7 -71.17 0.0 104
1983 10 29 600 600 44.27 -71.3 0.0 106
1983 10 29 600 600 44.4 -71.18 0.0 107
1983 10 29 600 600 44.93 -72.2 0.0 108
1983 10 29 600 600 40.2 -78.25 0.0 502
1983 10 29 600 600 40.67 -78.23 0.0 504
1983 10 29 600 600 41.3 -78.48 0.0 506
1983 10 29 600 600 41.8 -78.63 0.0 508
1983 10 29 600 600 42.25 -78.8 0.0 510
1983 10 29 600 600 39.92 -76.75 0.0 602
1983 10 29 600 600 41.98 -77.57 0.0 608
1983 10 29 600 600 43.03 -78.18 0.0 614
1983 10 29 600 600 40.78 -74.67 0.0 703
1983 10 29 600 600 41.02 -75.9 0.0 704
1983 10 29 600 600 41.83 -75.87 0.0 706
1983 10 29 600 600 42.45 -76.45 0.0 708
1983 10 29 600 600 39.93 -74.7 0.0 802
1983 10 29 600 600 40.9 -74.6 0.0 804
1983 10 29 600 600 41.63 -74.8 0.0 806
1983 10 29 600 600 42.08 -74.97 0.0 807
1983 10 29 600 600 43.23 -75.4 0.0 810
1983 10 29 600 600 40.67 -73.52 0.0 902
1983 10 29 600 600 43.05 -74.2 0.0 908
1983 10 29 600 600 43.97 -74.1 0.0 910
1983 10 29 600 600 44.8 -75.0 0.0 912
1983 10 29 600 600 41.95 -72.3 0.0 4
1983 10 29 600 600 41.73 -71.43 0.0 102
1983 10 29 600 600 42.7 -71.17 0.0 104
1983 10 29 600 600 44.27 -71.3 0.0 106
1983 10 29 600 600 44.4 -71.18 0.0 107
1983 10 29 600 600 44.93 -72.2 0.0 108
1983 10 29 600 300 40.38 -80.63 0.0 306
1983 10 29 600 300 40.77 -80.75 0.0 308
1983 10 29 600 300 40.92 -81.43 0.0 310
1983 10 29 600 300 41.3 -81.15 0.0 312
1983 10 29 600 300 41.42 -81.87 0.0 314
1983 10 29 600 300 41.27 -82.62 0.0 318
1983 10 29 600 300 41.33 -83.12 0.0 320
1983 10 29 600 300 40.43 -79.15 0.0 404
1983 10 29 600 300 42.08 -80.18 0.0 412
1983 10 29 600 300 42.67 -81.15 0.0 454
1983 10 29 600 300 42.7 -82.35 0.0 456
1983 10 29 600 300 43.52 -79.92 0.0 554
1983 10 29 600 300 43.98 -80.75 0.0 556
1983 10 29 600 300 43.92 -78.67 0.0 652
1983 10 29 600 300 44.23 -78.37 0.0 653
1983 10 29 600 300 44.62 -79.53 0.0 654
1983 10 29 600 300 44.68 -77.15 0.0 753
1983 10 29 600 300 44.28 -77.78 0.0 754
1983 10 29 600 300 44.48 -76.03 0.0 852
1983 10 29 600 300 45.55 -75.52 0.0 952
1983 10 29 600 300 45.98 -74.0 0.0 52
1983 10 29 900 600 41.27 -73.8 0.0 904
1983 10 29 900 600 41.1 -72.37 0.0 2
1983 10 29 900 600 41.25 -76.92 0.0 606
1983 10 29 900 600 40.37 -75.93 0.0 702
1983 10 29 900 600 40.45 -74.8 0.0 803
1983 10 29 900 600 41.3 -74.67 0.0 805
1983 10 29 900 600 42.47 -75.07 0.0 808
1983 10 29 900 600 41.27 -73.8 0.0 904
1983 10 29 900 600 41.1 -72.37 0.0 2
1983 10 29 900 300 40.38 -80.63 0.0 306
1983 10 29 900 300 40.77 -80.75 0.0 308
1983 10 29 900 300 40.92 -81.43 0.0 310
1983 10 29 900 300 41.42 -81.87 0.0 314
1983 10 29 900 300 41.27 -82.62 0.0 318
1983 10 29 900 300 40.43 -79.15 0.0 404
1983 10 29 900 300 42.08 -80.18 0.0 412
1983 10 29 900 300 42.67 -81.15 0.0 454
1983 10 29 900 300 42.7 -82.35 0.0 456
1983 10 29 900 300 43.52 -79.92 0.0 554
1983 10 29 900 300 43.98 -80.75 0.0 556
1983 10 29 900 300 43.92 -78.67 0.0 652
1983 10 29 900 300 44.23 -78.37 0.0 653
1983 10 29 900 300 44.62 -79.53 726.1573284174441 654
1983 10 29 900 300 44.68 -77.15 0.0 753
1983 10 29 900 300 44.28 -77.78 0.0 754
1983 10 29 900 300 44.48 -76.03 0.0 852
1983 10 29 900 300 45.55 -75.52 0.0 952
1983 10 29 900 300 45.98 -74.0 0.0 52
1983 10 29 1200 600 40.2 -78.25 0.0 502
1983 10 29 1200 600 40.67 -78.23 0.0 504
1983 10 29 1200 600 41.3 -78.48 0.0 506
1983 10 29 1200 600 41.8 -78.63 1.133508734659819 508
1983 10 29 1200 600 42.25 -78.8 28.615089249333366 510
1983 10 29 1200 600 39.92 -76.75 0.0 602
1983 10 29 1200 600 41.98 -77.57 8.411117972687064 608
1983 10 29 1200 600 43.03 -78.18 639.7904820837692 614
1983 10 29 1200 600 40.78 -74.67 0.0 703
1983 10 29 1200 600 41.02 -75.9 0.0 704
1983 10 29 1200 600 41.83 -75.87 0.0 706
1983 10 29 1200 600 42.45 -76.45 0.0 708
1983 10 29 1200 600 43.07 -76.83 0.0 710
1983 10 29 1200 600 39.93 -74.7 0.0 802
1983 10 29 1200 600 40.9 -74.6 0.0 804
1983 10 29 1200 600 41.63 -74.8 0.0 806
1983 10 29 1200 600 43.23 -75.4 0.0 810
1983 10 29 1200 600 40.67 -73.52 0.0 902
1983 10 29 1200 600 43.05 -74.2 0.0 908
1983 10 29 1200 600 43.97 -74.1 0.0 910
1983 10 29 1200 600 44.8 -75.0 0.0 912
1983 10 29 1200 600 41.95 -72.3 0.0 4
1983 10 29 1200 600 41.73 -71.43 0.0 102
1983 10 29 1200 600 42.7 -71.17 0.0 104
1983 10 29 1200 600 44.27 -71.3 0.0 106
1983 10 29 1200 600 44.4 -71.18 0.0 107
1983 10 29 1200 600 44.93 -72.2 0.0 108
1983 10 29 1200 300 40.38 -80.63 0.0 306
1983 10 29 1200 300 40.92 -81.43 0.0 310
1983 10 29 1200 300 41.42 -81.87 0.0 314
1983 10 29 1200 300 41.27 -82.62 0.0 318
1983 10 29 1200 300 41.33 -83.12 0.0 320
1983 10 29 1200 300 42.08 -80.18 0.0 412
1983 10 29 1200 300 42.67 -81.15 0.0 454
1983 10 29 1200 300 42.7 -82.35 0.0 456
1983 10 29 1200 300 43.18 -79.4 213.63769406202064 552
1983 10 29 1200 300 43.52 -79.92 215.5819550537552 554
1983 10 29 1200 300 43.98 -80.75 3.0370973694974253 556
1983 10 29 1200 300 43.92 -78.67 913.2577936610495 652
1983 10 29 1200 300 44.23 -78.37 97.57706358758607 653
1983 10 29 1200 300 44.62 -79.53 8370.553217246019 654
1983 10 29 1200 300 44.68 -77.15 0.0 753
1983 10 29 1200 300 44.28 -77.78 0.0 754
1983 10 29 1200 300 44.48 -76.03 0.0 852
1983 10 29 1200 300 45.55 -75.52 0.0 952
1983 10 29 1200 300 45.98 -74.0 0.0 52
1983 10 29 1500 600 41.25 -76.92 67.26878672213321 606
1983 10 29 1500 600 40.37 -75.93 0.0 702
1983 10 29 1500 600 40.45 -74.8 0.0 803
1983 10 29 1500 600 41.3 -74.67 0.0 805
1983 10 29 1500 600 41.27 -73.8 0.0 904
1983 10 29 1500 600 41.1 -72.37 0.0 2
1983 10 29 1500 300 40.38 -80.63 0.0 306
1983 10 29 1500 300 40.92 -81.43 0.0 310
1983 10 29 1500 300 41.42 -81.87 0.0 314
1983 10 29 1500 300 41.27 -82.62 0.0 318
1983 10 29 1500 300 41.33 -83.12 0.0 320
1983 10 29 1500 300 42.67 -81.15 0.0 454
1983 10 29 1500 300 43.18 -79.4 1923.8384987419824 552
1983 10 29 1500 300 43.52 -79.92 607.6700447566966 554
1983 10 29 1500 300 43.98 -80.75 7.148073226384555 556
1983 10 29 1500 300 43.92 -78.67 2279.746416886628 652
1983 10 29 1500 300 44.23 -78.37 131.33178568380436 653
1983 10 29 1500 300 44.62 -79.53 1154.0503878125255 654
1983 10 29 1500 300 44.68 -77.15 0.0 753
1983 10 29 1500 300 44.28 -77.78 2.11561397502232 754
1983 10 29 1500 300 44.48 -76.03 0.0 852
1983 10 29 1500 300 45.55 -75.52 0.0 952
1983 10 29 1500 300 45.98 -74.0 0.0 52
1983 10 29 1800 600 40.2 -78.25 4.385928829329088 502
1983 10 29 1800 600 40.67 -78.23 77.02481982113167 504
1983 10 29 1800 600 41.3 -78.48 375.11603854799057 506
1983 10 29 1800 600 41.8 -78.63 724.8123557838985 508
1983 10 29 1800 600 42.25 -78.8 992.1065146139415 510
1983 10 29 1800 600 39.92 -76.75 17.670055000298564 602
1983 10 29 1800 600 41.98 -77.57 1805.040936721674 608
1983 10 29 1800 600 43.03 -78.18 2314.4728022838076 614
1983 10 29 1800 600 40.78 -74.67 0.0 703
1983 10 29 1800 600 41.02 -75.9 166.30158886560875 704
1983 10 29 1800 600 41.83 -75.87 36.29451115590351 706
1983 10 29 1800 600 42.45 -76.45 63.30039314687294 708
1983 10 29 1800 600 43.07 -76.83 36.093073808673374 710
1983 10 29 1800 600 39.93 -74.7 0.0 802
1983 10 29 1800 600 40.9 -74.6 0.0 804
1983 10 29 1800 600 41.63 -74.8 0.0 806
1983 10 29 1800 600 43.23 -75.4 0.0 810
1983 10 29 1800 600 40.67 -73.52 0.0 902
1983 10 29 1800 600 43.05 -74.2 0.0 908
1983 10 29 1800 600 43.97 -74.1 0.0 910
1983 10 29 1800 600 44.8 -75.0 0.0 912
1983 10 29 1800 600 41.95 -72.3 0.0 4
1983 10 29 1800 600 41.73 -71.43 0.0 102
1983 10 29 1800 600 42.7 -71.17 0.0 104
1983 10 29 1800 600 44.27 -71.3 0.0 106
1983 10 29 1800 600 44.4 -71.18 0.0 107
1983 10 29 1800 600 44.93 -72.2 0.0 108
1983 10 29 1800 300 40.38 -80.63 0.0 306
1983 10 29 1800 300 40.92 -81.43 0.0 310
1983 10 29 1800 300 41.42 -81.87 0.0 314
1983 10 29 1800 300 41.27 -82.62 0.0 318
1983 10 29 1800 300 41.33 -83.12 0.0 320
1983 10 29 1800 300 42.67 -81.15 0.0 454
1983 10 29 1800 300 43.52 -79.92 222.47369940080137 554
1983 10 29 1800 300 43.98 -80.75 3.8035969574686175 556
1983 10 29 1800 300 43.92 -78.67 489.33661459696765 652
1983 10 29 1800 300 44.23 -78.37 27.829120942719825 653
1983 10 29 1800 300 44.62 -79.53 7.196128815726273 654
1983 10 29 1800 300 44.68 -77.15 0.0 753
1983 10 29 1800 300 44.28 -77.78 2.3913012109466525 754
1983 10 29 1800 300 44.48 -76.03 0.0 852
1983 10 29 1800 300 45.55 -75.52 0.0 952
1983 10 29 1800 300 45.98 -74.0 0.0 52
1983 10 29 2100 600 41.25 -76.92 6642.938575523368 606
1983 10 29 2100 600 40.37 -75.93 1071.8353475030074 702
1983 10 29 2100 600 40.45 -74.8 39.066205972629845 803
1983 10 29 2100 600 41.3 -74.67 0.0 805
1983 10 29 2100 600 42.47 -75.07 0.0 808
1983 10 29 2100 600 41.27 -73.8 0.0 904
1983 10 29 2100 600 41.1 -72.37 0.0 2
1983 10 29 2100 300 40.38 -80.63 0.0 306
1983 10 29 2100 300 40.92 -81.43 0.0 310
1983 10 29 2100 300 41.42 -81.87 0.0 314
1983 10 29 2100 300 41.27 -82.62 0.0 318
1983 10 29 2100 300 41.33 -83.12 0.0 320
1983 10 29 2100 300 42.67 -81.15 0.0 454
1983 10 30 0 600 40.2 -78.25 1809.0331584108785 502
1983 10 30 0 600 40.67 -78.23 4124.63592950691 504
1983 10 30 0 600 41.3 -78.48 2798.837185717141 506
1983 10 30 0 600 41.8 -78.63 725.4347964214413 508
1983 10 30 0 600 42.25 -78.8 77.97230091272128 510
1983 10 30 0 600 39.92 -76.75 5381.778389228052 602
1983 10 30 0 600 41.98 -77.57 952.275549667361 608
1983 10 30 0 600 43.03 -78.18 3.1048511093851454 614
1983 10 30 0 600 40.78 -74.67 32.333321956962756 703
1983 10 30 0 600 41.02 -75.9 1990.3990501603275 704
1983 10 30 0 600 42.45 -76.45 4.010235861608434 708
1983 10 30 0 600 43.07 -76.83 0.0 710
1983 10 30 0 600 39.93 -74.7 139.96784235753904 802
1983 10 30 0 600 40.9 -74.6 14.605493294004134 804
1983 10 30 0 600 41.63 -74.8 1.0716971213595718 806
1983 10 30 0 600 43.23 -75.4 0.0 810
1983 10 30 0 600 40.67 -73.52 0.0 902
1983 10 30 0 600 43.97 -74.1 0.0 910
1983 10 30 0 600 44.8 -75.0 0.0 912
1983 10 30 0 600 41.95 -72.3 0.0 4
1983 10 30 0 600 41.73 -71.43 0.0 102
1983 10 30 0 600 42.7 -71.17 0.0 104
1983 10 30 0 600 44.27 -71.3 0.0 106
1983 10 30 0 600 44.4 -71.18 0.0 107
1983 10 30 0 600 44.93 -72.2 0.0 108
1983 10 30 0 300 40.38 -80.63 0.0 306
1983 10 30 0 300 40.92 -81.43 0.0 310
1983 10 30 0 300 41.42 -81.87 0.0 314
1983 10 30 0 300 41.27 -82.62 0.0 318
1983 10 30 0 300 41.33 -83.12 0.0 320
1983 10 30 0 300 42.67 -81.15 0.0 454
1983 10 30 300 600 41.25 -76.92 12791.972337747777 606
1983 10 30 300 600 40.37 -75.93 8496.802399438022 702
1983 10 30 300 600 40.45 -74.8 110.97947329112479 803
1983 10 30 300 600 41.3 -74.67 4.525700164306909 805
1983 10 30 300 600 42.47 -75.07 0.0 808
1983 10 30 300 600 41.27 -73.8 0.0 904
1983 10 30 300 600 41.1 -72.37 0.0 2
1983 10 30 300 300 42.67 -81.15 0.0 454
1983 10 30 600 600 40.78 -74.67 12.814078823713428 703
1983 10 30 600 600 42.45 -76.45 3.595568593276839 708
1983 10 30 600 600 43.07 -76.83 0.0 710
1983 10 30 600 600 39.93 -74.7 58.584383881230416 802
1983 10 30 600 600 40.9 -74.6 6.521490189925447 804
1983 10 30 600 600 41.63 -74.8 0.0 806
1983 10 30 600 600 43.23 -75.4 0.0 810
1983 10 30 600 600 40.67 -73.52 0.0 902
1983 10 30 600 600 43.97 -74.1 0.0 910
1983 10 30 600 600 44.8 -75.0 0.0 912
1983 10 30 600 600 41.95 -72.3 0.0 4
1983 10 30 600 600 41.73 -71.43 0.0 102
1983 10 30 600 600 42.7 -71.17 0.0 104
1983 10 30 600 600 44.27 -71.3 0.0 106
1983 10 30 600 600 44.4 -71.18 0.0 107
1983 10 30 600 600 44.93 -72.2 0.0 108
1983 10 30 600 300 42.67 -81.15 0.0 454
1983 10 30 900 600 40.45 -74.8 32.66519025888392 803
1983 10 30 900 600 41.27 -73.8 0.0 904
1983 10 30 900 600 41.1 -72.37 0.0 2
1983 10 30 900 300 42.67 -81.15 0.0 454
1983 10 30 1200 600 40.78 -74.67 0.0 703
1983 10 30 1200 300 42.67 -81.15 0.0 454
1983 10 30 1500 300 42.67 -81.15 0.0 454
1983 10 30 1800 600 40.78 -74.67 2.189138229936785 703
1983 10 30 1800 300 42.67 -81.15 0.0 454
1983 10 30 2100 300 42.67 -81.15 0.0 454
1983 10 31 0 600 40.78 -74.67 66.49590218371858 703
1983 10 31 600 600 40.78 -74.67 514.4892726930411 703
