Yr Mo Da Hr dur Lat Lon Calc Site
1983 10 26 900 600 42.67 -81.15 0.0 454
1983 10 26 900 600 43.52 -79.92 0.0 554
1983 10 26 900 600 43.98 -80.75 0.0 556
1983 10 26 900 600 43.92 -78.67 12.52541042116568 652
1983 10 26 900 600 44.23 -78.37 770.0090709279507 653
1983 10 26 900 600 44.62 -79.53 23.946555186961497 654
1983 10 26 900 600 43.98 -77.22 48.64803452118766 752
1983 10 26 900 600 44.28 -77.78 697.1454157228994 754
1983 10 26 900 600 44.93 -78.72 8493.09869984596 756
1983 10 26 900 600 44.48 -76.03 0.0 852
1983 10 26 900 600 45.55 -75.52 0.0 952
1983 10 26 900 600 45.98 -74.0 0.0 52
1983 10 26 1200 600 41.83 -75.87 0.0 706
1983 10 26 1200 600 41.27 -73.8 0.0 904
1983 10 26 1500 600 41.2 -79.43 0.0 408
1983 10 26 1500 600 42.08 -80.18 0.0 412
1983 10 26 1500 600 42.67 -81.15 0.0 454
1983 10 26 1500 600 41.8 -78.63 0.0 508
1983 10 26 1500 600 42.25 -78.8 0.0 510
1983 10 26 1500 600 43.52 -79.92 0.0 554
1983 10 26 1500 600 43.98 -80.75 0.0 556
1983 10 26 1500 600 41.98 -77.57 0.0 608
1983 10 26 1500 600 42.42 -77.57 0.0 610
1983 10 26 1500 600 43.03 -78.18 0.0 614
1983 10 26 1500 600 43.92 -78.67 5.5926455617370205 652
1983 10 26 1500 600 44.23 -78.37 1838.1033261559514 653
1983 10 26 1500 600 44.62 -79.53 2.6812682963518446 654
1983 10 26 1500 600 42.45 -76.45 0.0 708
1983 10 26 1500 600 43.07 -76.83 7.850763916217255 710
1983 10 26 1500 600 43.98 -77.22 6790.72713270726 752
1983 10 26 1500 600 44.28 -77.78 7645.270583220202 754
1983 10 26 1500 600 44.93 -78.72 2097.304593468286 756
1983 10 26 1500 600 40.9 -74.6 0.0 804
1983 10 26 1500 600 41.3 -74.67 0.0 805
1983 10 26 1500 600 41.63 -74.8 0.0 806
1983 10 26 1500 600 42.08 -74.97 0.0 807
1983 10 26 1500 600 42.92 -75.12 22.054758379294103 809
1983 10 26 1500 600 43.23 -75.4 201.32740825579336 810
1983 10 26 1500 600 44.48 -76.03 0.0 852
1983 10 26 1500 600 43.05 -74.2 0.0 908
1983 10 26 1500 600 44.8 -75.0 0.0 912
1983 10 26 1500 600 45.55 -75.52 0.0 952
1983 10 26 1500 600 41.95 -72.3 0.0 4
1983 10 26 1500 600 44.9 -73.8 0.0 10
1983 10 26 1500 600 45.98 -74.0 0.0 52
1983 10 26 1500 600 44.93 -72.2 0.0 108
1983 10 26 1800 600 41.83 -75.87 0.0 706
1983 10 26 1800 600 41.27 -73.8 0.0 904
1983 10 26 2100 600 40.43 -79.15 0.0 404
1983 10 26 2100 600 40.82 -79.53 0.0 406
1983 10 26 2100 600 41.2 -79.43 0.0 408
1983 10 26 2100 600 42.08 -80.18 0.0 412
1983 10 26 2100 600 42.67 -81.15 0.0 454
1983 10 26 2100 600 40.2 -78.25 0.0 502
1983 10 26 2100 600 40.67 -78.23 0.0 504
1983 10 26 2100 600 41.3 -78.48 0.0 506
1983 10 26 2100 600 42.25 -78.8 0.0 510
1983 10 26 2100 600 43.52 -79.92 0.0 554
1983 10 26 2100 600 43.98 -80.75 0.0 556
1983 10 26 2100 600 39.92 -76.75 0.0 602
1983 10 26 2100 600 41.25 -76.92 0.0 606
1983 10 26 2100 600 41.98 -77.57 0.0 608
1983 10 26 2100 600 42.42 -77.57 0.0 610
1983 10 26 2100 600 43.03 -78.18 0.0 614
1983 10 26 2100 600 43.92 -78.67 0.0 652
1983 10 26 2100 600 44.23 -78.37 4.284916321528423 653
1983 10 26 2100 600 40.37 -75.93 0.0 702
1983 10 26 2100 600 40.78 -74.67 0.0 703
1983 10 26 2100 600 41.02 -75.9 0.0 704
1983 10 26 2100 600 42.45 -76.45 0.0 708
1983 10 26 2100 600 43.07 -76.83 5.436782546765564 710
1983 10 26 2100 600 43.98 -77.22 521.7682211583984 752
1983 10 26 2100 600 44.68 -77.15 0.0 753
1983 10 26 2100 600 44.28 -77.78 28.978199884333407 754
1983 10 26 2100 600 44.93 -78.72 0.0 756
1983 10 26 2100 600 39.93 -74.7 0.0 802
1983 10 26 2100 600 40.45 -74.8 0.0 803
1983 10 26 2100 600 40.9 -74.6 0.0 804
1983 10 26 2100 600 41.3 -74.67 0.0 805
1983 10 26 2100 600 41.63 -74.8 0.0 806
1983 10 26 2100 600 42.08 -74.97 0.0 807
1983 10 26 2100 600 42.47 -75.07 2.6196819386111367 808
1983 10 26 2100 600 42.92 -75.12 249.62035693514193 809
1983 10 26 2100 600 43.23 -75.4 1382.2327253916606 810
1983 10 26 2100 600 43.58 -75.52 717.8374736053447 811
1983 10 26 2100 600 44.48 -76.03 0.0 852
1983 10 26 2100 600 40.67 -73.52 0.0 902
1983 10 26 2100 600 43.05 -74.2 7883.036117883067 908
1983 10 26 2100 600 43.97 -74.1 0.0 910
1983 10 26 2100 600 44.8 -75.0 0.0 912
1983 10 26 2100 600 45.55 -75.52 0.0 952
1983 10 26 2100 600 41.1 -72.37 0.0 2
1983 10 26 2100 600 41.95 -72.3 32.38789401812719 4
1983 10 26 2100 600 44.9 -73.8 0.0 10
1983 10 26 2100 600 45.98 -74.0 0.0 52
1983 10 26 2100 600 41.73 -71.43 0.0 102
1983 10 26 2100 600 42.7 -71.17 2.030281435182369 104
1983 10 26 2100 600 44.27 -71.3 0.0 106
1983 10 26 2100 600 44.4 -71.18 0.0 107
1983 10 26 2100 600 44.93 -72.2 0.0 108
1983 10 27 0 600 41.83 -75.87 0.0 706
1983 10 27 0 600 41.27 -73.8 0.0 904
1983 10 27 300 600 40.43 -79.15 0.0 404
1983 10 27 300 600 40.82 -79.53 0.0 406
1983 10 27 300 600 41.2 -79.43 0.0 408
1983 10 27 300 600 42.08 -80.18 0.0 412
1983 10 27 300 600 42.67 -81.15 0.0 454
1983 10 27 300 600 40.2 -78.25 0.0 502
1983 10 27 300 600 40.67 -78.23 0.0 504
1983 10 27 300 600 41.3 -78.48 0.0 506
1983 10 27 300 600 42.25 -78.8 0.0 510
1983 10 27 300 600 43.52 -79.92 0.0 554
1983 10 27 300 600 43.98 -80.75 0.0 556
1983 10 27 300 600 39.92 -76.75 0.0 602
1983 10 27 300 600 41.25 -76.92 0.0 606
1983 10 27 300 600 41.98 -77.57 0.0 608
1983 10 27 300 600 42.42 -77.57 0.0 610
1983 10 27 300 600 43.03 -78.18 0.0 614
1983 10 27 300 600 43.92 -78.67 0.0 652
1983 10 27 300 600 44.23 -78.37 0.0 653
1983 10 27 300 600 44.62 -79.53 0.0 654
1983 10 27 300 600 40.37 -75.93 0.0 702
1983 10 27 300 600 40.78 -74.67 0.0 703
1983 10 27 300 600 41.02 -75.9 0.0 704
1983 10 27 300 600 42.45 -76.45 0.0 708
1983 10 27 300 600 43.07 -76.83 0.0 710
1983 10 27 300 600 44.68 -77.15 0.0 753
1983 10 27 300 600 44.28 -77.78 0.0 754
1983 10 27 300 600 44.93 -78.72 0.0 756
1983 10 27 300 600 39.93 -74.7 0.0 802
1983 10 27 300 600 40.45 -74.8 0.0 803
1983 10 27 300 600 40.9 -74.6 0.0 804
1983 10 27 300 600 41.3 -74.67 2.649320637689515 805
1983 10 27 300 600 41.63 -74.8 5.008016687892057 806
1983 10 27 300 600 42.08 -74.97 4.581837787293667 807
1983 10 27 300 600 42.47 -75.07 10.138599457288107 808
1983 10 27 300 600 42.92 -75.12 72.46693772616784 809
1983 10 27 300 600 43.23 -75.4 65.62008297884056 810
1983 10 27 300 600 43.58 -75.52 0.0 811
1983 10 27 300 600 44.48 -76.03 0.0 852
1983 10 27 300 600 40.67 -73.52 0.0 902
1983 10 27 300 600 43.05 -74.2 5598.973206007194 908
1983 10 27 300 600 43.97 -74.1 4.042039655599913 910
1983 10 27 300 600 44.8 -75.0 0.0 912
1983 10 27 300 600 45.55 -75.52 0.0 952
1983 10 27 300 600 41.1 -72.37 50.716939290199704 2
1983 10 27 300 600 41.95 -72.3 1941.9362222999548 4
1983 10 27 300 600 45.98 -74.0 0.0 52
1983 10 27 300 600 41.73 -71.43 1390.8390054710649 102
1983 10 27 300 600 42.7 -71.17 964.5346999916708 104
1983 10 27 300 600 44.27 -71.3 0.0 106
1983 10 27 300 600 44.4 -71.18 0.0 107
1983 10 27 300 600 44.93 -72.2 0.0 108
1983 10 27 600 600 41.83 -75.87 0.0 706
1983 10 27 600 600 41.27 -73.8 128.30653857796298 904
1983 10 27 900 600 40.43 -79.15 0.0 404
1983 10 27 900 600 40.82 -79.53 0.0 406
1983 10 27 900 600 41.2 -79.43 0.0 408
1983 10 27 900 600 42.08 -80.18 0.0 412
1983 10 27 900 600 42.67 -81.15 0.0 454
1983 10 27 900 600 40.2 -78.25 0.0 502
1983 10 27 900 600 40.67 -78.23 0.0 504
1983 10 27 900 600 41.3 -78.48 0.0 506
1983 10 27 900 600 42.25 -78.8 0.0 510
1983 10 27 900 600 43.52 -79.92 0.0 554
1983 10 27 900 600 43.98 -80.75 0.0 556
1983 10 27 900 600 39.92 -76.75 0.0 602
1983 10 27 900 600 41.25 -76.92 0.0 606
1983 10 27 900 600 41.98 -77.57 0.0 608
1983 10 27 900 600 42.42 -77.57 0.0 610
1983 10 27 900 600 43.03 -78.18 0.0 614
1983 10 27 900 600 43.92 -78.67 0.0 652
1983 10 27 900 600 44.23 -78.37 0.0 653
1983 10 27 900 600 44.62 -79.53 0.0 654
1983 10 27 900 600 40.37 -75.93 0.0 702
1983 10 27 900 600 40.78 -74.67 1.3113644324240317 703
1983 10 27 900 600 41.02 -75.9 0.0 704
1983 10 27 900 600 42.45 -76.45 0.0 708
1983 10 27 900 600 43.07 -76.83 0.0 710
1983 10 27 900 600 44.68 -77.15 0.0 753
1983 10 27 900 600 44.28 -77.78 0.0 754
1983 10 27 900 600 44.93 -78.72 0.0 756
1983 10 27 900 600 39.93 -74.7 0.0 802
1983 10 27 900 600 40.45 -74.8 0.0 803
1983 10 27 900 600 40.9 -74.6 3.1074348737101523 804
1983 10 27 900 600 41.3 -74.67 9.292467790042338 805
1983 10 27 900 600 41.63 -74.8 8.043556648295155 806
1983 10 27 900 600 42.08 -74.97 3.3769615525360512 807
1983 10 27 900 600 42.47 -75.07 1.16258385301581 808
1983 10 27 900 600 42.92 -75.12 0.0 809
1983 10 27 900 600 43.23 -75.4 0.0 810
1983 10 27 900 600 43.58 -75.52 0.0 811
1983 10 27 900 600 44.48 -76.03 0.0 852
1983 10 27 900 600 40.67 -73.52 22.030156650800905 902
1983 10 27 900 600 43.97 -74.1 0.0 910
1983 10 27 900 600 44.8 -75.0 0.0 912
1983 10 27 900 600 45.55 -75.52 0.0 952
1983 10 27 900 600 41.1 -72.37 944.4175045495218 2
1983 10 27 900 600 41.95 -72.3 2449.2552371797156 4
1983 10 27 900 600 45.98 -74.0 0.0 52
1983 10 27 900 600 41.73 -71.43 3309.0761934359916 102
1983 10 27 900 600 42.7 -71.17 946.7469580577161 104
1983 10 27 900 600 44.27 -71.3 0.0 106
1983 10 27 900 600 44.4 -71.18 0.0 107
1983 10 27 900 600 44.93 -72.2 0.0 108
1983 10 27 1200 600 41.83 -75.87 0.0 706
1983 10 27 1200 600 41.27 -73.8 11.036844244490446 904
1983 10 27 1500 600 40.43 -79.15 0.0 404
1983 10 27 1500 600 40.82 -79.53 0.0 406
1983 10 27 1500 600 41.2 -79.43 0.0 408
1983 10 27 1500 600 42.08 -80.18 0.0 412
1983 10 27 1500 600 42.67 -81.15 0.0 454
1983 10 27 1500 600 40.2 -78.25 0.0 502
1983 10 27 1500 600 40.67 -78.23 0.0 504
1983 10 27 1500 600 41.3 -78.48 0.0 506
1983 10 27 1500 600 42.25 -78.8 0.0 510
1983 10 27 1500 600 43.52 -79.92 0.0 554
1983 10 27 1500 600 43.98 -80.75 0.0 556
1983 10 27 1500 600 39.92 -76.75 0.0 602
1983 10 27 1500 600 41.25 -76.92 0.0 606
1983 10 27 1500 600 41.98 -77.57 0.0 608
1983 10 27 1500 600 42.42 -77.57 0.0 610
1983 10 27 1500 600 43.03 -78.18 0.0 614
1983 10 27 1500 600 43.92 -78.67 0.0 652
1983 10 27 1500 600 44.23 -78.37 0.0 653
1983 10 27 1500 600 44.62 -79.53 0.0 654
1983 10 27 1500 600 40.37 -75.93 0.0 702
1983 10 27 1500 600 40.78 -74.67 0.0 703
1983 10 27 1500 600 41.02 -75.9 0.0 704
1983 10 27 1500 600 42.45 -76.45 0.0 708
1983 10 27 1500 600 43.07 -76.83 0.0 710
1983 10 27 1500 600 44.68 -77.15 0.0 753
1983 10 27 1500 600 44.28 -77.78 0.0 754
1983 10 27 1500 600 44.93 -78.72 0.0 756
1983 10 27 1500 600 39.93 -74.7 0.0 802
1983 10 27 1500 600 40.45 -74.8 0.0 803
1983 10 27 1500 600 40.9 -74.6 0.0 804
1983 10 27 1500 600 41.3 -74.67 0.0 805
1983 10 27 1500 600 41.63 -74.8 0.0 806
1983 10 27 1500 600 42.08 -74.97 0.0 807
1983 10 27 1500 600 42.47 -75.07 0.0 808
1983 10 27 1500 600 42.92 -75.12 0.0 809
1983 10 27 1500 600 43.23 -75.4 0.0 810
1983 10 27 1500 600 43.58 -75.52 0.0 811
1983 10 27 1500 600 44.48 -76.03 0.0 852
1983 10 27 1500 600 40.67 -73.52 0.0 902
1983 10 27 1500 600 43.05 -74.2 0.0 908
1983 10 27 1500 600 43.97 -74.1 0.0 910
1983 10 27 1500 600 44.8 -75.0 0.0 912
1983 10 27 1500 600 45.55 -75.52 0.0 952
1983 10 27 1500 600 41.1 -72.37 35.00029811484996 2
1983 10 27 1500 600 41.95 -72.3 28.31909147322917 4
1983 10 27 1500 600 41.73 -71.43 139.5908943876499 102
1983 10 27 1500 600 42.7 -71.17 6.41430638600632 104
1983 10 27 1500 600 44.27 -71.3 0.0 106
1983 10 27 1500 600 44.4 -71.18 0.0 107
1983 10 27 1500 600 44.93 -72.2 0.0 108
1983 10 27 1800 600 41.83 -75.87 0.0 706
1983 10 27 1800 600 41.27 -73.8 0.0 904
1983 10 27 2100 600 40.43 -79.15 0.0 404
1983 10 27 2100 600 40.82 -79.53 0.0 406
1983 10 27 2100 600 41.2 -79.43 0.0 408
1983 10 27 2100 600 42.08 -80.18 0.0 412
1983 10 27 2100 600 40.2 -78.25 0.0 502
1983 10 27 2100 600 40.67 -78.23 0.0 504
1983 10 27 2100 600 41.3 -78.48 0.0 506
1983 10 27 2100 600 42.25 -78.8 0.0 510
1983 10 27 2100 600 39.92 -76.75 0.0 602
1983 10 27 2100 600 41.25 -76.92 0.0 606
1983 10 27 2100 600 41.98 -77.57 0.0 608
1983 10 27 2100 600 42.42 -77.57 0.0 610
1983 10 27 2100 600 43.03 -78.18 0.0 614
1983 10 27 2100 600 40.37 -75.93 0.0 702
1983 10 27 2100 600 40.78 -74.67 0.0 703
1983 10 27 2100 600 41.02 -75.9 0.0 704
1983 10 27 2100 600 42.45 -76.45 0.0 708
1983 10 27 2100 600 43.07 -76.83 0.0 710
1983 10 27 2100 600 39.93 -74.7 0.0 802
1983 10 27 2100 600 40.45 -74.8 0.0 803
1983 10 27 2100 600 40.9 -74.6 0.0 804
1983 10 27 2100 600 41.3 -74.67 0.0 805
1983 10 27 2100 600 41.63 -74.8 0.0 806
1983 10 27 2100 600 42.08 -74.97 0.0 807
1983 10 27 2100 600 42.47 -75.07 0.0 808
1983 10 27 2100 600 42.92 -75.12 0.0 809
1983 10 27 2100 600 43.58 -75.52 0.0 811
1983 10 27 2100 600 40.67 -73.52 0.0 902
1983 10 27 2100 600 43.05 -74.2 0.0 908
1983 10 27 2100 600 43.97 -74.1 0.0 910
1983 10 27 2100 600 44.8 -75.0 0.0 912
1983 10 27 2100 600 41.1 -72.37 0.0 2
1983 10 27 2100 600 41.95 -72.3 0.0 4
1983 10 27 2100 600 41.73 -71.43 0.0 102
1983 10 27 2100 600 42.7 -71.17 0.0 104
1983 10 27 2100 600 44.27 -71.3 0.0 106
1983 10 27 2100 600 44.4 -71.18 0.0 107
1983 10 27 2100 600 44.93 -72.2 0.0 108
1983 10 28 300 600 40.43 -79.15 0.0 404
1983 10 28 300 600 40.82 -79.53 0.0 406
1983 10 28 300 600 40.2 -78.25 0.0 502
1983 10 28 300 600 40.67 -78.23 0.0 504
1983 10 28 300 600 41.3 -78.48 0.0 506
1983 10 28 300 600 39.92 -76.75 0.0 602
1983 10 28 300 600 41.25 -76.92 0.0 606
1983 10 28 300 600 40.37 -75.93 0.0 702
1983 10 28 300 600 40.78 -74.67 0.0 703
1983 10 28 300 600 41.02 -75.9 0.0 704
1983 10 28 300 600 39.93 -74.7 0.0 802
1983 10 28 300 600 40.45 -74.8 0.0 803
1983 10 28 300 600 42.47 -75.07 0.0 808
1983 10 28 300 600 43.23 -75.4 0.0 810
1983 10 28 300 600 40.67 -73.52 0.0 902
1983 10 28 300 600 43.97 -74.1 0.0 910
1983 10 28 300 600 41.1 -72.37 0.0 2
1983 10 28 300 600 41.73 -71.43 0.0 102
1983 10 28 300 600 42.7 -71.17 0.0 104
1983 10 28 300 600 44.27 -71.3 0.0 106
1983 10 28 300 600 44.4 -71.18 0.0 107
1983 10 28 1500 300 40.38 -80.63 0.0 306
1983 10 28 1500 300 40.77 -80.75 0.0 308
1983 10 28 1500 300 40.92 -81.43 0.0 310
1983 10 28 1500 300 41.3 -81.15 0.0 312
1983 10 28 1500 300 41.42 -81.87 0.0 314
1983 10 28 1500 300 41.27 -82.62 0.0 318
1983 10 28 1500 300 41.33 -83.12 0.0 320
