Yr Mo Da Hr dur Lat Lon Calc Site
1983 9 25 1800 300 40.38 -80.63 0.0 306
1983 9 25 1800 300 40.77 -80.75 0.0 308
1983 9 25 1800 300 40.92 -81.43 0.0 310
1983 9 25 1800 300 41.3 -81.15 0.0 312
1983 9 25 1800 300 41.42 -81.87 0.0 314
1983 9 25 1800 300 41.3 -82.22 0.0 316
1983 9 25 1800 300 41.27 -82.62 0.0 318
1983 9 25 1800 300 41.33 -83.12 0.0 320
1983 9 25 1800 600 40.2 -78.25 0.0 502
1983 9 25 2100 300 40.38 -80.63 0.0 306
1983 9 25 2100 300 40.77 -80.75 0.0 308
1983 9 25 2100 300 40.92 -81.43 0.0 310
1983 9 25 2100 300 41.3 -81.15 0.0 312
1983 9 25 2100 300 41.42 -81.87 0.0 314
1983 9 25 2100 300 41.3 -82.22 0.0 316
1983 9 25 2100 300 41.27 -82.62 0.0 318
1983 9 25 2100 300 41.33 -83.12 0.0 320
1983 9 25 2100 600 40.0 -79.08 0.0 402
1983 9 25 2100 600 40.43 -79.15 0.0 404
1983 9 25 2100 600 40.82 -79.53 0.0 406
1983 9 25 2100 600 41.2 -79.43 0.0 408
1983 9 25 2100 600 41.63 -79.7 0.0 410
1983 9 25 2100 600 42.08 -80.18 0.0 412
1983 9 25 2100 600 42.6 -80.5 0.0 452
1983 9 25 2100 600 42.67 -81.15 0.0 454
1983 9 25 2100 600 42.7 -82.35 0.0 456
1983 9 25 2100 600 40.67 -78.23 0.0 504
1983 9 25 2100 600 41.8 -78.63 0.0 508
1983 9 25 2100 600 42.48 -78.93 0.0 512
1983 9 25 2100 600 43.52 -79.92 0.0 554
1983 9 25 2100 600 43.98 -80.75 0.0 556
1983 9 26 0 300 40.38 -80.63 0.0 306
1983 9 26 0 300 40.77 -80.75 0.0 308
1983 9 26 0 300 40.92 -81.43 0.0 310
1983 9 26 0 300 41.3 -81.15 0.0 312
1983 9 26 0 300 41.42 -81.87 3.241132159739027 314
1983 9 26 0 300 41.3 -82.22 17.173203299691135 316
1983 9 26 0 300 41.27 -82.62 64.43354505202298 318
1983 9 26 0 300 41.33 -83.12 36.79417177367702 320
1983 9 26 0 600 40.2 -78.25 0.0 502
1983 9 26 300 300 40.38 -80.63 0.0 306
1983 9 26 300 300 40.77 -80.75 0.0 308
1983 9 26 300 300 40.92 -81.43 0.0 310
1983 9 26 300 300 41.3 -81.15 25.634859496805298 312
1983 9 26 300 300 41.42 -81.87 714.821238935939 314
1983 9 26 300 300 41.3 -82.22 1051.2669125771677 316
1983 9 26 300 300 41.27 -82.62 1136.126318364607 318
1983 9 26 300 300 41.33 -83.12 54.852354838137494 320
1983 9 26 300 600 40.0 -79.08 0.0 402
1983 9 26 300 600 40.43 -79.15 0.0 404
1983 9 26 300 600 40.82 -79.53 0.0 406
1983 9 26 300 600 41.2 -79.43 0.0 408
1983 9 26 300 600 42.08 -80.18 256.25279948795077 412
1983 9 26 300 600 42.6 -80.5 200.29373707337749 452
1983 9 26 300 600 42.67 -81.15 78.43441195601673 454
1983 9 26 300 600 42.7 -82.35 0.0 456
1983 9 26 300 600 40.67 -78.23 0.0 504
1983 9 26 300 600 41.8 -78.63 0.0 508
1983 9 26 300 600 42.48 -78.93 3.273275743700346 512
1983 9 26 300 600 43.18 -79.4 0.0 552
1983 9 26 300 600 43.52 -79.92 0.0 554
1983 9 26 300 600 43.98 -80.75 0.0 556
1983 9 26 300 600 39.92 -76.75 0.0 602
1983 9 26 300 600 40.48 -77.13 0.0 604
1983 9 26 300 600 41.98 -77.57 0.0 608
1983 9 26 300 600 42.88 -78.03 0.0 612
1983 9 26 300 600 43.03 -78.18 0.0 614
1983 9 26 300 600 43.92 -78.67 0.0 652
1983 9 26 300 600 44.23 -78.37 0.0 653
1983 9 26 300 600 44.62 -79.53 0.0 654
1983 9 26 600 300 40.38 -80.63 0.0 306
1983 9 26 600 300 40.77 -80.75 0.0 308
1983 9 26 600 300 40.92 -81.43 59.260236088639296 310
1983 9 26 600 300 41.3 -81.15 217.1675966376877 312
1983 9 26 600 300 41.42 -81.87 2615.3391694086054 314
1983 9 26 600 300 41.3 -82.22 3736.1995091613094 316
1983 9 26 600 300 41.27 -82.62 2909.107941857825 318
1983 9 26 600 300 41.33 -83.12 113.20363568441465 320
1983 9 26 600 600 40.2 -78.25 0.0 502
1983 9 26 900 300 40.38 -80.63 0.0 306
1983 9 26 900 300 40.77 -80.75 4.146768206685017 308
1983 9 26 900 300 40.92 -81.43 829.1549474190726 310
1983 9 26 900 300 41.3 -81.15 1131.744450298804 312
1983 9 26 900 300 41.42 -81.87 3160.897011669521 314
1983 9 26 900 300 41.3 -82.22 9587.378496768033 316
1983 9 26 900 300 41.27 -82.62 4547.8821744391025 318
1983 9 26 900 300 41.33 -83.12 99.52983959297208 320
1983 9 26 900 600 40.0 -79.08 0.0 402
1983 9 26 900 600 40.43 -79.15 0.0 404
1983 9 26 900 600 40.82 -79.53 0.0 406
1983 9 26 900 600 41.2 -79.43 17.98565518273813 408
1983 9 26 900 600 41.63 -79.7 325.25049349825645 410
1983 9 26 900 600 42.08 -80.18 1187.6619016787122 412
1983 9 26 900 600 42.6 -80.5 634.6352809775665 452
1983 9 26 900 600 42.67 -81.15 9.138848639247565 454
1983 9 26 900 600 42.7 -82.35 0.0 456
1983 9 26 900 600 40.67 -78.23 0.0 504
1983 9 26 900 600 41.8 -78.63 20.36360992699987 508
1983 9 26 900 600 42.48 -78.93 321.93022986247865 512
1983 9 26 900 600 43.18 -79.4 148.63485108761506 552
1983 9 26 900 600 43.52 -79.92 1.2506998302898205 554
1983 9 26 900 600 43.98 -80.75 0.0 556
1983 9 26 900 600 39.92 -76.75 0.0 602
1983 9 26 900 600 40.48 -77.13 0.0 604
1983 9 26 900 600 41.98 -77.57 1.8955424998708823 608
1983 9 26 900 600 42.88 -78.03 129.90481469502683 612
1983 9 26 900 600 43.03 -78.18 155.14509636454366 614
1983 9 26 900 600 43.92 -78.67 2.7451642009946084 652
1983 9 26 900 600 44.23 -78.37 0.0 653
1983 9 26 900 600 44.62 -79.53 0.0 654
1983 9 26 900 600 41.02 -75.9 0.0 704
1983 9 26 900 600 41.83 -75.87 0.0 706
1983 9 26 900 600 42.45 -76.45 0.0 708
1983 9 26 900 600 43.98 -77.22 1.1630161111220232 752
1983 9 26 900 600 44.68 -77.15 0.0 753
1983 9 26 900 600 44.28 -77.78 0.0 754
1983 9 26 900 600 39.93 -74.7 0.0 802
1983 9 26 900 600 40.45 -74.8 0.0 803
1983 9 26 900 600 40.9 -74.6 0.0 804
1983 9 26 900 600 41.3 -74.67 0.0 805
1983 9 26 900 600 41.63 -74.8 0.0 806
1983 9 26 900 600 42.08 -74.97 0.0 807
1983 9 26 900 600 42.47 -75.07 0.0 808
1983 9 26 900 600 43.23 -75.4 0.0 810
1983 9 26 900 600 43.58 -75.52 0.0 811
1983 9 26 900 600 44.0 -76.02 0.0 812
1983 9 26 900 600 44.48 -76.03 0.0 852
1983 9 26 1200 600 40.2 -78.25 0.0 502
1983 9 26 1200 600 43.07 -76.83 41.025868703068575 710
1983 9 26 1500 600 40.0 -79.08 0.0 402
1983 9 26 1500 600 40.43 -79.15 1.9339421283933205 404
1983 9 26 1500 600 40.82 -79.53 30.6956627783091 406
1983 9 26 1500 600 41.2 -79.43 284.1440789888022 408
1983 9 26 1500 600 41.63 -79.7 651.994756250335 410
1983 9 26 1500 600 42.08 -80.18 259.14448987898544 412
1983 9 26 1500 600 42.6 -80.5 1.637735913371333 452
1983 9 26 1500 600 42.67 -81.15 0.0 454
1983 9 26 1500 600 42.7 -82.35 0.0 456
1983 9 26 1500 600 40.67 -78.23 8.356667464096276 504
1983 9 26 1500 600 41.8 -78.63 728.4628505444625 508
1983 9 26 1500 600 42.25 -78.8 631.2912002479584 510
1983 9 26 1500 600 42.48 -78.93 729.3661481001003 512
1983 9 26 1500 600 43.18 -79.4 38.87839406962639 552
1983 9 26 1500 600 43.52 -79.92 0.0 554
1983 9 26 1500 600 43.98 -80.75 0.0 556
1983 9 26 1500 600 39.92 -76.75 0.0 602
1983 9 26 1500 600 40.48 -77.13 2.0859711298116532 604
1983 9 26 1500 600 41.98 -77.57 420.2585983805262 608
1983 9 26 1500 600 42.88 -78.03 875.3899352922899 612
1983 9 26 1500 600 43.03 -78.18 767.669730682156 614
1983 9 26 1500 600 43.92 -78.67 8.517132116462408 652
1983 9 26 1500 600 44.23 -78.37 1.7687071066463904 653
1983 9 26 1500 600 44.62 -79.53 0.0 654
1983 9 26 1500 600 41.02 -75.9 24.15844091910066 704
1983 9 26 1500 600 41.83 -75.87 168.0905684278477 706
1983 9 26 1500 600 42.45 -76.45 192.33605514123755 708
1983 9 26 1500 600 43.98 -77.22 63.28606351391437 752
1983 9 26 1500 600 44.68 -77.15 0.0 753
1983 9 26 1500 600 44.28 -77.78 5.317211198930746 754
1983 9 26 1500 600 39.93 -74.7 0.0 802
1983 9 26 1500 600 40.45 -74.8 0.0 803
1983 9 26 1500 600 40.9 -74.6 0.0 804
1983 9 26 1500 600 41.3 -74.67 5.0108095280740805 805
1983 9 26 1500 600 41.63 -74.8 11.943775918435406 806
1983 9 26 1500 600 42.08 -74.97 26.185646943142213 807
1983 9 26 1500 600 42.47 -75.07 61.43547779105495 808
1983 9 26 1500 600 43.23 -75.4 43.986771419284615 810
1983 9 26 1500 600 43.58 -75.52 9.255371960579978 811
1983 9 26 1500 600 44.0 -76.02 16.43205389667246 812
1983 9 26 1500 600 44.48 -76.03 3.406291662203683 852
1983 9 26 1500 600 40.67 -73.52 0.0 902
1983 9 26 1500 600 43.05 -74.2 5.9725060090464295 908
1983 9 26 1500 600 44.8 -75.0 0.0 912
1983 9 26 1500 600 45.55 -75.52 0.0 952
1983 9 26 1800 600 40.2 -78.25 0.0 502
1983 9 26 1800 600 43.07 -76.83 948.9635398979981 710
1983 9 26 2100 600 40.0 -79.08 0.0 402
1983 9 26 2100 600 40.43 -79.15 1.1607575926337792 404
1983 9 26 2100 600 40.82 -79.53 22.142451973974048 406
1983 9 26 2100 600 41.2 -79.43 75.73347181246359 408
1983 9 26 2100 600 41.63 -79.7 94.94280015467547 410
1983 9 26 2100 600 42.08 -80.18 6.865980580214381 412
1983 9 26 2100 600 42.6 -80.5 0.0 452
1983 9 26 2100 600 42.67 -81.15 0.0 454
1983 9 26 2100 600 42.7 -82.35 0.0 456
1983 9 26 2100 600 40.67 -78.23 10.98156761168948 504
1983 9 26 2100 600 41.8 -78.63 301.105871105739 508
1983 9 26 2100 600 42.25 -78.8 123.78900671742352 510
1983 9 26 2100 600 42.48 -78.93 44.85749453490668 512
1983 9 26 2100 600 43.18 -79.4 1.2479899611175262 552
1983 9 26 2100 600 43.52 -79.92 0.0 554
1983 9 26 2100 600 43.98 -80.75 0.0 556
1983 9 26 2100 600 39.92 -76.75 0.0 602
1983 9 26 2100 600 40.48 -77.13 8.346329443582137 604
1983 9 26 2100 600 41.98 -77.57 1211.464242379643 608
1983 9 26 2100 600 42.88 -78.03 601.1088267749707 612
1983 9 26 2100 600 43.03 -78.18 263.3787309286451 614
1983 9 26 2100 600 43.92 -78.67 1.247695981280244 652
1983 9 26 2100 600 44.23 -78.37 1.3142374823333487 653
1983 9 26 2100 600 44.62 -79.53 0.0 654
1983 9 26 2100 600 40.37 -75.93 10.972363674347983 702
1983 9 26 2100 600 40.78 -74.67 5.149368807703405 703
1983 9 26 2100 600 41.02 -75.9 51.45787713786598 704
1983 9 26 2100 600 41.83 -75.87 103.9156524938029 706
1983 9 26 2100 600 42.45 -76.45 2030.258286821241 708
1983 9 26 2100 600 43.98 -77.22 185.7690973810749 752
1983 9 26 2100 600 44.28 -77.78 8.426956643597043 754
1983 9 26 2100 600 39.93 -74.7 0.0 802
1983 9 26 2100 600 40.45 -74.8 1.1177763495331654 803
1983 9 26 2100 600 40.9 -74.6 9.82656871913112 804
1983 9 26 2100 600 41.3 -74.67 103.5708501655547 805
1983 9 26 2100 600 41.63 -74.8 166.29456807215652 806
1983 9 26 2100 600 42.08 -74.97 186.66519493203745 807
1983 9 26 2100 600 42.47 -75.07 372.11225428574096 808
1983 9 26 2100 600 43.23 -75.4 290.2906718002492 810
1983 9 26 2100 600 43.58 -75.52 190.26175732467877 811
1983 9 26 2100 600 44.0 -76.02 342.54952247086254 812
1983 9 26 2100 600 44.48 -76.03 109.96522297791672 852
1983 9 26 2100 600 40.67 -73.52 0.0 902
1983 9 26 2100 600 41.27 -73.8 14.61306059723189 904
1983 9 26 2100 600 43.05 -74.2 261.5260413840808 908
1983 9 26 2100 600 43.97 -74.1 45.113315070640326 910
1983 9 26 2100 600 44.8 -75.0 6.8536300341981855 912
1983 9 26 2100 600 45.55 -75.52 2.409907593116995 952
1983 9 26 2100 600 41.1 -72.37 2.4083318055411005 2
1983 9 26 2100 600 43.03 -72.8 9.17200235496614 6
1983 9 26 2100 600 43.95 -73.22 24.86343576789445 8
1983 9 26 2100 600 44.9 -73.8 1.872551909242993 10
1983 9 27 0 600 40.2 -78.25 0.0 502
1983 9 27 0 600 43.07 -76.83 5839.447482411084 710
1983 9 27 300 600 40.0 -79.08 0.0 402
1983 9 27 300 600 40.43 -79.15 1.095340369112377 404
1983 9 27 300 600 40.82 -79.53 1.2149121479781522 406
1983 9 27 300 600 41.2 -79.43 6.466144171795646 408
1983 9 27 300 600 41.63 -79.7 2.0442286907378993 410
1983 9 27 300 600 42.08 -80.18 0.0 412
1983 9 27 300 600 42.6 -80.5 0.0 452
1983 9 27 300 600 42.67 -81.15 0.0 454
1983 9 27 300 600 42.7 -82.35 0.0 456
1983 9 27 300 600 40.67 -78.23 25.37306307995779 504
1983 9 27 300 600 41.8 -78.63 48.70606101748039 508
1983 9 27 300 600 42.25 -78.8 76.6203315884767 510
1983 9 27 300 600 42.48 -78.93 94.7248400362451 512
1983 9 27 300 600 43.18 -79.4 1.276413511920496 552
1983 9 27 300 600 43.52 -79.92 0.0 554
1983 9 27 300 600 43.98 -80.75 0.0 556
1983 9 27 300 600 39.92 -76.75 5.574703583556252 602
1983 9 27 300 600 40.48 -77.13 58.99178283810681 604
1983 9 27 300 600 41.98 -77.57 759.1075778832828 608
1983 9 27 300 600 42.88 -78.03 52.78019771045094 612
1983 9 27 300 600 43.03 -78.18 30.345101096896713 614
1983 9 27 300 600 43.92 -78.67 0.0 652
1983 9 27 300 600 44.23 -78.37 0.0 653
1983 9 27 300 600 44.62 -79.53 0.0 654
1983 9 27 300 600 40.37 -75.93 16.918768024548786 702
1983 9 27 300 600 40.78 -74.67 138.3700676367154 703
1983 9 27 300 600 41.02 -75.9 91.39390820784321 704
1983 9 27 300 600 41.83 -75.87 232.83237945574533 706
1983 9 27 300 600 42.45 -76.45 3935.441917269544 708
1983 9 27 300 600 43.98 -77.22 57.45822381087719 752
1983 9 27 300 600 44.28 -77.78 0.0 754
1983 9 27 300 600 39.93 -74.7 12.505128714701202 802
1983 9 27 300 600 40.45 -74.8 49.55562286010428 803
1983 9 27 300 600 40.9 -74.6 204.9781942349493 804
1983 9 27 300 600 41.3 -74.67 453.1660278009564 805
1983 9 27 300 600 41.63 -74.8 357.76893670788445 806
1983 9 27 300 600 42.08 -74.97 60.684331880603814 807
1983 9 27 300 600 42.47 -75.07 146.28850748020756 808
1983 9 27 300 600 43.23 -75.4 827.0282099473899 810
1983 9 27 300 600 43.58 -75.52 216.45652238486716 811
1983 9 27 300 600 44.48 -76.03 449.94819228925985 852
1983 9 27 300 600 40.67 -73.52 8.765172705764403 902
1983 9 27 300 600 41.27 -73.8 124.04569089014198 904
1983 9 27 300 600 43.05 -74.2 2890.577615457156 908
1983 9 27 300 600 43.97 -74.1 549.323171792902 910
1983 9 27 300 600 44.8 -75.0 417.7084812583197 912
1983 9 27 300 600 45.55 -75.52 18.08586043454171 952
1983 9 27 300 600 41.1 -72.37 75.85062320368345 2
1983 9 27 300 600 43.03 -72.8 81.22435556698734 6
1983 9 27 300 600 43.95 -73.22 476.81720160737854 8
1983 9 27 300 600 44.9 -73.8 240.1537145336534 10
1983 9 27 300 600 45.98 -74.0 13.850093366429183 52
1983 9 27 300 600 41.73 -71.43 39.205061576421784 102
1983 9 27 300 600 44.4 -71.18 19.130989476677318 107
1983 9 27 300 600 44.93 -72.2 9.734888271369085 108
1983 9 27 300 600 46.07 -72.58 3.1755154577479097 152
1983 9 27 600 600 43.07 -76.83 1189.247591703269 710
1983 9 27 900 600 42.25 -78.8 1.1962030264867505 510
1983 9 27 900 600 43.18 -79.4 1.0848951139395882 552
1983 9 27 900 600 39.92 -76.75 207.44577523215702 602
1983 9 27 900 600 40.48 -77.13 289.70383031654353 604
1983 9 27 900 600 41.98 -77.57 126.3500848771817 608
1983 9 27 900 600 42.88 -78.03 51.08096847883865 612
1983 9 27 900 600 43.03 -78.18 49.951984222665 614
1983 9 27 900 600 43.92 -78.67 0.0 652
1983 9 27 900 600 44.23 -78.37 0.0 653
1983 9 27 900 600 44.62 -79.53 0.0 654
1983 9 27 900 600 40.37 -75.93 513.9581258295888 702
1983 9 27 900 600 40.78 -74.67 856.5251587056823 703
1983 9 27 900 600 41.02 -75.9 691.2851107894834 704
1983 9 27 900 600 41.83 -75.87 641.9785076572008 706
1983 9 27 900 600 42.45 -76.45 1115.487575114518 708
1983 9 27 900 600 43.98 -77.22 6.52790873915992 752
1983 9 27 900 600 44.28 -77.78 0.0 754
1983 9 27 900 600 39.93 -74.7 112.6063105247972 802
1983 9 27 900 600 40.45 -74.8 558.4188799792394 803
1983 9 27 900 600 40.9 -74.6 943.9178204615699 804
1983 9 27 900 600 41.3 -74.67 979.9766499113044 805
1983 9 27 900 600 41.63 -74.8 480.19231337891205 806
1983 9 27 900 600 42.08 -74.97 146.54318950466995 807
1983 9 27 900 600 42.47 -75.07 175.90200770201494 808
1983 9 27 900 600 43.23 -75.4 526.8024569649746 810
1983 9 27 900 600 43.58 -75.52 172.6994368029472 811
1983 9 27 900 600 44.48 -76.03 52.50947169302369 852
1983 9 27 900 600 40.67 -73.52 253.2416256573401 902
1983 9 27 900 600 41.27 -73.8 1053.001917401681 904
1983 9 27 900 600 43.05 -74.2 2030.8947865755938 908
1983 9 27 900 600 43.97 -74.1 402.708560681502 910
1983 9 27 900 600 44.8 -75.0 237.55908243773115 912
1983 9 27 900 600 45.55 -75.52 4.14927043920893 952
1983 9 27 900 600 41.1 -72.37 269.9532709759681 2
1983 9 27 900 600 43.03 -72.8 396.97823950074496 6
1983 9 27 900 600 43.95 -73.22 1173.5974391164311 8
1983 9 27 900 600 44.9 -73.8 347.1839261929325 10
1983 9 27 900 600 45.98 -74.0 8.384979022124686 52
1983 9 27 900 600 41.73 -71.43 317.05357725940786 102
1983 9 27 900 600 44.4 -71.18 53.68382743586769 107
1983 9 27 900 600 44.93 -72.2 40.5644519535856 108
1983 9 27 900 600 46.07 -72.58 16.432777401798575 152
1983 9 27 1200 600 43.07 -76.83 40.653818838193004 710
1983 9 27 1500 600 42.25 -78.8 0.0 510
1983 9 27 1500 600 40.37 -75.93 217.30425509263057 702
1983 9 27 1500 600 40.78 -74.67 260.9766688489456 703
1983 9 27 1500 600 41.02 -75.9 77.54589476570666 704
1983 9 27 1500 600 41.83 -75.87 42.94560262714249 706
1983 9 27 1500 600 42.45 -76.45 4.5936597821420655 708
1983 9 27 1500 600 43.98 -77.22 0.0 752
1983 9 27 1500 600 44.28 -77.78 0.0 754
1983 9 27 1500 600 39.93 -74.7 245.07749700591842 802
1983 9 27 1500 600 40.45 -74.8 379.77859683534 803
1983 9 27 1500 600 40.9 -74.6 221.7562050046854 804
1983 9 27 1500 600 41.3 -74.67 87.24554581017226 805
1983 9 27 1500 600 41.63 -74.8 51.86497276126925 806
1983 9 27 1500 600 42.08 -74.97 49.33052738267891 807
1983 9 27 1500 600 42.47 -75.07 40.24848042511925 808
1983 9 27 1500 600 43.23 -75.4 13.425406833276366 810
1983 9 27 1500 600 43.58 -75.52 1.9009333930857826 811
1983 9 27 1500 600 44.48 -76.03 0.0 852
1983 9 27 1500 600 40.67 -73.52 386.6009494785633 902
1983 9 27 1500 600 41.27 -73.8 206.76350947708374 904
1983 9 27 1500 600 43.05 -74.2 81.09481621465146 908
1983 9 27 1500 600 43.97 -74.1 2.7196857238492558 910
1983 9 27 1500 600 44.8 -75.0 0.0 912
1983 9 27 1500 600 45.55 -75.52 0.0 952
1983 9 27 1500 600 41.1 -72.37 459.3801246614846 2
1983 9 27 1500 600 43.03 -72.8 170.8884759149836 6
1983 9 27 1500 600 43.95 -73.22 14.140805434007811 8
1983 9 27 1500 600 44.9 -73.8 2.8597414372111962 10
1983 9 27 1500 600 45.98 -74.0 0.0 52
1983 9 27 1500 600 41.73 -71.43 253.45929762570915 102
1983 9 27 1500 600 44.4 -71.18 29.714160701480267 107
1983 9 27 1500 600 44.93 -72.2 22.87804463230249 108
1983 9 27 1500 600 46.07 -72.58 0.0 152
1983 9 27 1800 600 43.07 -76.83 0.0 710
1983 9 27 2100 600 42.25 -78.8 0.0 510
1983 9 27 2100 600 40.37 -75.93 84.24485003821634 702
1983 9 27 2100 600 40.78 -74.67 235.12725118309962 703
1983 9 27 2100 600 40.67 -73.52 386.74271148530414 902
1983 9 27 2100 600 41.27 -73.8 161.72735458701695 904
1983 9 27 2100 600 43.05 -74.2 2.377801466589696 908
1983 9 27 2100 600 43.97 -74.1 0.0 910
1983 9 27 2100 600 44.8 -75.0 0.0 912
1983 9 27 2100 600 45.55 -75.52 0.0 952
1983 9 27 2100 600 41.1 -72.37 378.02679086334723 2
1983 9 27 2100 600 43.03 -72.8 31.897852148669394 6
1983 9 27 2100 600 43.95 -73.22 1.0887889079947572 8
1983 9 27 2100 600 44.9 -73.8 0.0 10
1983 9 27 2100 600 45.98 -74.0 0.0 52
1983 9 27 2100 600 41.73 -71.43 393.5132767653375 102
1983 9 27 2100 600 44.4 -71.18 11.993527950510458 107
1983 9 27 2100 600 44.93 -72.2 0.0 108
1983 9 27 2100 600 46.07 -72.58 0.0 152
