Yr Mo Da Hr dur Lat Lon Calc Site
1983 10 26 900 600 42.67 -81.15 0.0 454
1983 10 26 900 600 43.52 -79.92 0.0 554
1983 10 26 900 600 43.98 -80.75 0.0 556
1983 10 26 900 600 43.92 -78.67 32.94326313560672 652
1983 10 26 900 600 44.23 -78.37 1029.5720181122438 653
1983 10 26 900 600 44.62 -79.53 55.70532171228968 654
1983 10 26 900 600 43.98 -77.22 88.56238634300632 752
1983 10 26 900 600 44.28 -77.78 1151.0525865296588 754
1983 10 26 900 600 44.93 -78.72 9832.58932908612 756
1983 10 26 900 600 44.48 -76.03 0.0 852
1983 10 26 900 600 45.55 -75.52 0.0 952
1983 10 26 900 600 45.98 -74.0 0.0 52
1983 10 26 1200 600 41.83 -75.87 0.0 706
1983 10 26 1200 600 41.27 -73.8 0.0 904
1983 10 26 1500 600 41.2 -79.43 0.0 408
1983 10 26 1500 600 42.08 -80.18 0.0 412
1983 10 26 1500 600 42.67 -81.15 0.0 454
1983 10 26 1500 600 41.8 -78.63 0.0 508
1983 10 26 1500 600 42.25 -78.8 0.0 510
1983 10 26 1500 600 43.52 -79.92 0.0 554
1983 10 26 1500 600 43.98 -80.75 0.0 556
1983 10 26 1500 600 41.98 -77.57 0.0 608
1983 10 26 1500 600 42.42 -77.57 0.0 610
1983 10 26 1500 600 43.03 -78.18 0.0 614
1983 10 26 1500 600 43.92 -78.67 16.629659982833232 652
1983 10 26 1500 600 44.23 -78.37 2328.4422759480767 653
1983 10 26 1500 600 44.62 -79.53 5.310545141543993 654
1983 10 26 1500 600 42.45 -76.45 0.0 708
1983 10 26 1500 600 43.07 -76.83 15.196237184431798 710
1983 10 26 1500 600 43.98 -77.22 9355.522567214035 752
1983 10 26 1500 600 44.28 -77.78 11428.932206259013 754
1983 10 26 1500 600 44.93 -78.72 3734.2619902719966 756
1983 10 26 1500 600 40.9 -74.6 0.0 804
1983 10 26 1500 600 41.3 -74.67 0.0 805
1983 10 26 1500 600 41.63 -74.8 0.0 806
1983 10 26 1500 600 42.08 -74.97 0.0 807
1983 10 26 1500 600 42.92 -75.12 38.49873828068199 809
1983 10 26 1500 600 43.23 -75.4 288.5962678875088 810
1983 10 26 1500 600 44.48 -76.03 0.0 852
1983 10 26 1500 600 43.05 -74.2 2.001444065874716 908
1983 10 26 1500 600 44.8 -75.0 0.0 912
1983 10 26 1500 600 45.55 -75.52 0.0 952
1983 10 26 1500 600 41.95 -72.3 0.0 4
1983 10 26 1500 600 44.9 -73.8 0.0 10
1983 10 26 1500 600 45.98 -74.0 0.0 52
1983 10 26 1500 600 44.93 -72.2 0.0 108
1983 10 26 1800 600 41.83 -75.87 0.0 706
1983 10 26 1800 600 41.27 -73.8 0.0 904
1983 10 26 2100 600 40.43 -79.15 0.0 404
1983 10 26 2100 600 40.82 -79.53 0.0 406
1983 10 26 2100 600 41.2 -79.43 0.0 408
1983 10 26 2100 600 42.08 -80.18 0.0 412
1983 10 26 2100 600 42.67 -81.15 0.0 454
1983 10 26 2100 600 40.2 -78.25 0.0 502
1983 10 26 2100 600 40.67 -78.23 0.0 504
1983 10 26 2100 600 41.3 -78.48 0.0 506
1983 10 26 2100 600 42.25 -78.8 0.0 510
1983 10 26 2100 600 43.52 -79.92 0.0 554
1983 10 26 2100 600 43.98 -80.75 0.0 556
1983 10 26 2100 600 39.92 -76.75 0.0 602
1983 10 26 2100 600 41.25 -76.92 0.0 606
1983 10 26 2100 600 41.98 -77.57 0.0 608
1983 10 26 2100 600 42.42 -77.57 0.0 610
1983 10 26 2100 600 43.03 -78.18 0.0 614
1983 10 26 2100 600 43.92 -78.67 0.0 652
1983 10 26 2100 600 44.23 -78.37 20.713457914644767 653
1983 10 26 2100 600 40.37 -75.93 0.0 702
1983 10 26 2100 600 40.78 -74.67 0.0 703
1983 10 26 2100 600 41.02 -75.9 0.0 704
1983 10 26 2100 600 42.45 -76.45 0.0 708
1983 10 26 2100 600 43.07 -76.83 9.667917394339366 710
1983 10 26 2100 600 43.98 -77.22 1130.6377176681349 752
1983 10 26 2100 600 44.68 -77.15 0.0 753
1983 10 26 2100 600 44.28 -77.78 112.94612406383392 754
1983 10 26 2100 600 44.93 -78.72 0.0 756
1983 10 26 2100 600 39.93 -74.7 0.0 802
1983 10 26 2100 600 40.45 -74.8 0.0 803
1983 10 26 2100 600 40.9 -74.6 0.0 804
1983 10 26 2100 600 41.3 -74.67 0.0 805
1983 10 26 2100 600 41.63 -74.8 0.0 806
1983 10 26 2100 600 42.08 -74.97 0.0 807
1983 10 26 2100 600 42.47 -75.07 10.370128426500244 808
1983 10 26 2100 600 42.92 -75.12 269.90105954940344 809
1983 10 26 2100 600 43.23 -75.4 2143.4857274340757 810
1983 10 26 2100 600 43.58 -75.52 929.8088511747978 811
1983 10 26 2100 600 44.48 -76.03 0.0 852
1983 10 26 2100 600 40.67 -73.52 0.0 902
1983 10 26 2100 600 43.05 -74.2 6493.623065249893 908
1983 10 26 2100 600 43.97 -74.1 0.0 910
1983 10 26 2100 600 44.8 -75.0 0.0 912
1983 10 26 2100 600 45.55 -75.52 0.0 952
1983 10 26 2100 600 41.1 -72.37 0.0 2
1983 10 26 2100 600 41.95 -72.3 40.90372606802567 4
1983 10 26 2100 600 44.9 -73.8 0.0 10
1983 10 26 2100 600 45.98 -74.0 0.0 52
1983 10 26 2100 600 41.73 -71.43 0.0 102
1983 10 26 2100 600 42.7 -71.17 1.8758289595924609 104
1983 10 26 2100 600 44.27 -71.3 0.0 106
1983 10 26 2100 600 44.4 -71.18 0.0 107
1983 10 26 2100 600 44.93 -72.2 0.0 108
1983 10 27 0 600 41.83 -75.87 0.0 706
1983 10 27 0 600 41.27 -73.8 0.0 904
1983 10 27 300 600 40.43 -79.15 0.0 404
1983 10 27 300 600 40.82 -79.53 0.0 406
1983 10 27 300 600 41.2 -79.43 0.0 408
1983 10 27 300 600 42.08 -80.18 0.0 412
1983 10 27 300 600 42.67 -81.15 0.0 454
1983 10 27 300 600 40.2 -78.25 0.0 502
1983 10 27 300 600 40.67 -78.23 0.0 504
1983 10 27 300 600 41.3 -78.48 0.0 506
1983 10 27 300 600 42.25 -78.8 0.0 510
1983 10 27 300 600 43.52 -79.92 0.0 554
1983 10 27 300 600 43.98 -80.75 0.0 556
1983 10 27 300 600 39.92 -76.75 0.0 602
1983 10 27 300 600 41.25 -76.92 0.0 606
1983 10 27 300 600 41.98 -77.57 0.0 608
1983 10 27 300 600 42.42 -77.57 0.0 610
1983 10 27 300 600 43.03 -78.18 0.0 614
1983 10 27 300 600 43.92 -78.67 0.0 652
1983 10 27 300 600 44.23 -78.37 0.0 653
1983 10 27 300 600 44.62 -79.53 0.0 654
1983 10 27 300 600 40.37 -75.93 0.0 702
1983 10 27 300 600 40.78 -74.67 0.0 703
1983 10 27 300 600 41.02 -75.9 0.0 704
1983 10 27 300 600 42.45 -76.45 0.0 708
1983 10 27 300 600 43.07 -76.83 0.0 710
1983 10 27 300 600 44.68 -77.15 0.0 753
1983 10 27 300 600 44.28 -77.78 0.0 754
1983 10 27 300 600 44.93 -78.72 0.0 756
1983 10 27 300 600 39.93 -74.7 0.0 802
1983 10 27 300 600 40.45 -74.8 0.0 803
1983 10 27 300 600 40.9 -74.6 0.0 804
1983 10 27 300 600 41.3 -74.67 2.1315776621781772 805
1983 10 27 300 600 41.63 -74.8 6.112688295452669 806
1983 10 27 300 600 42.08 -74.97 4.014225785842142 807
1983 10 27 300 600 42.47 -75.07 16.16433908444447 808
1983 10 27 300 600 42.92 -75.12 59.71880064897812 809
1983 10 27 300 600 43.23 -75.4 179.50822100829055 810
1983 10 27 300 600 43.58 -75.52 0.0 811
1983 10 27 300 600 44.48 -76.03 0.0 852
1983 10 27 300 600 40.67 -73.52 0.0 902
1983 10 27 300 600 43.05 -74.2 4040.607922630517 908
1983 10 27 300 600 43.97 -74.1 0.0 910
1983 10 27 300 600 44.8 -75.0 0.0 912
1983 10 27 300 600 45.55 -75.52 0.0 952
1983 10 27 300 600 41.1 -72.37 91.96306607701247 2
1983 10 27 300 600 41.95 -72.3 1835.8789908485421 4
1983 10 27 300 600 45.98 -74.0 0.0 52
1983 10 27 300 600 41.73 -71.43 2022.196255229873 102
1983 10 27 300 600 42.7 -71.17 1052.0849771245737 104
1983 10 27 300 600 44.27 -71.3 0.0 106
1983 10 27 300 600 44.4 -71.18 0.0 107
1983 10 27 300 600 44.93 -72.2 0.0 108
1983 10 27 600 600 41.83 -75.87 0.0 706
1983 10 27 600 600 41.27 -73.8 122.25047557940894 904
1983 10 27 900 600 40.43 -79.15 0.0 404
1983 10 27 900 600 40.82 -79.53 0.0 406
1983 10 27 900 600 41.2 -79.43 0.0 408
1983 10 27 900 600 42.08 -80.18 0.0 412
1983 10 27 900 600 42.67 -81.15 0.0 454
1983 10 27 900 600 40.2 -78.25 0.0 502
1983 10 27 900 600 40.67 -78.23 0.0 504
1983 10 27 900 600 41.3 -78.48 0.0 506
1983 10 27 900 600 42.25 -78.8 0.0 510
1983 10 27 900 600 43.52 -79.92 0.0 554
1983 10 27 900 600 43.98 -80.75 0.0 556
1983 10 27 900 600 39.92 -76.75 0.0 602
1983 10 27 900 600 41.25 -76.92 0.0 606
1983 10 27 900 600 41.98 -77.57 0.0 608
1983 10 27 900 600 42.42 -77.57 0.0 610
1983 10 27 900 600 43.03 -78.18 0.0 614
1983 10 27 900 600 43.92 -78.67 0.0 652
1983 10 27 900 600 44.23 -78.37 0.0 653
1983 10 27 900 600 44.62 -79.53 0.0 654
1983 10 27 900 600 40.37 -75.93 0.0 702
1983 10 27 900 600 40.78 -74.67 1.7755624450719794 703
1983 10 27 900 600 41.02 -75.9 0.0 704
1983 10 27 900 600 42.45 -76.45 0.0 708
1983 10 27 900 600 43.07 -76.83 0.0 710
1983 10 27 900 600 44.68 -77.15 0.0 753
1983 10 27 900 600 44.28 -77.78 0.0 754
1983 10 27 900 600 44.93 -78.72 0.0 756
1983 10 27 900 600 39.93 -74.7 0.0 802
1983 10 27 900 600 40.45 -74.8 0.0 803
1983 10 27 900 600 40.9 -74.6 3.137902849067854 804
1983 10 27 900 600 41.3 -74.67 4.247746797484583 805
1983 10 27 900 600 41.63 -74.8 2.3659754135043296 806
1983 10 27 900 600 42.08 -74.97 0.0 807
1983 10 27 900 600 42.47 -75.07 0.0 808
1983 10 27 900 600 42.92 -75.12 0.0 809
1983 10 27 900 600 43.23 -75.4 0.0 810
1983 10 27 900 600 43.58 -75.52 0.0 811
1983 10 27 900 600 44.48 -76.03 0.0 852
1983 10 27 900 600 40.67 -73.52 42.75203625218243 902
1983 10 27 900 600 43.97 -74.1 0.0 910
1983 10 27 900 600 44.8 -75.0 0.0 912
1983 10 27 900 600 45.55 -75.52 0.0 952
1983 10 27 900 600 41.1 -72.37 1598.7702917517804 2
1983 10 27 900 600 41.95 -72.3 2423.031457375508 4
1983 10 27 900 600 45.98 -74.0 0.0 52
1983 10 27 900 600 41.73 -71.43 3779.0421571163065 102
1983 10 27 900 600 42.7 -71.17 1601.5646073540047 104
1983 10 27 900 600 44.27 -71.3 0.0 106
1983 10 27 900 600 44.4 -71.18 0.0 107
1983 10 27 900 600 44.93 -72.2 0.0 108
1983 10 27 1200 600 41.83 -75.87 0.0 706
1983 10 27 1200 600 41.27 -73.8 9.02956170140078 904
1983 10 27 1500 600 40.43 -79.15 0.0 404
1983 10 27 1500 600 40.82 -79.53 0.0 406
1983 10 27 1500 600 41.2 -79.43 0.0 408
1983 10 27 1500 600 42.08 -80.18 0.0 412
1983 10 27 1500 600 42.67 -81.15 0.0 454
1983 10 27 1500 600 40.2 -78.25 0.0 502
1983 10 27 1500 600 40.67 -78.23 0.0 504
1983 10 27 1500 600 41.3 -78.48 0.0 506
1983 10 27 1500 600 42.25 -78.8 0.0 510
1983 10 27 1500 600 43.52 -79.92 0.0 554
1983 10 27 1500 600 43.98 -80.75 0.0 556
1983 10 27 1500 600 39.92 -76.75 0.0 602
1983 10 27 1500 600 41.25 -76.92 0.0 606
1983 10 27 1500 600 41.98 -77.57 0.0 608
1983 10 27 1500 600 42.42 -77.57 0.0 610
1983 10 27 1500 600 43.03 -78.18 0.0 614
1983 10 27 1500 600 43.92 -78.67 0.0 652
1983 10 27 1500 600 44.23 -78.37 0.0 653
1983 10 27 1500 600 44.62 -79.53 0.0 654
1983 10 27 1500 600 40.37 -75.93 0.0 702
1983 10 27 1500 600 40.78 -74.67 0.0 703
1983 10 27 1500 600 41.02 -75.9 0.0 704
1983 10 27 1500 600 42.45 -76.45 0.0 708
1983 10 27 1500 600 43.07 -76.83 0.0 710
1983 10 27 1500 600 44.68 -77.15 0.0 753
1983 10 27 1500 600 44.28 -77.78 0.0 754
1983 10 27 1500 600 44.93 -78.72 0.0 756
1983 10 27 1500 600 39.93 -74.7 0.0 802
1983 10 27 1500 600 40.45 -74.8 0.0 803
1983 10 27 1500 600 40.9 -74.6 0.0 804
1983 10 27 1500 600 41.3 -74.67 0.0 805
1983 10 27 1500 600 41.63 -74.8 0.0 806
1983 10 27 1500 600 42.08 -74.97 0.0 807
1983 10 27 1500 600 42.47 -75.07 0.0 808
1983 10 27 1500 600 42.92 -75.12 0.0 809
1983 10 27 1500 600 43.23 -75.4 0.0 810
1983 10 27 1500 600 43.58 -75.52 0.0 811
1983 10 27 1500 600 44.48 -76.03 0.0 852
1983 10 27 1500 600 40.67 -73.52 3.59517781020463 902
1983 10 27 1500 600 43.05 -74.2 0.0 908
1983 10 27 1500 600 43.97 -74.1 0.0 910
1983 10 27 1500 600 44.8 -75.0 0.0 912
1983 10 27 1500 600 45.55 -75.52 0.0 952
1983 10 27 1500 600 41.1 -72.37 57.83584112029469 2
1983 10 27 1500 600 41.95 -72.3 22.532462856833863 4
1983 10 27 1500 600 41.73 -71.43 213.69193076326113 102
1983 10 27 1500 600 42.7 -71.17 1.8743236983686025 104
1983 10 27 1500 600 44.27 -71.3 0.0 106
1983 10 27 1500 600 44.4 -71.18 0.0 107
1983 10 27 1500 600 44.93 -72.2 0.0 108
1983 10 27 1800 600 41.83 -75.87 0.0 706
1983 10 27 1800 600 41.27 -73.8 0.0 904
1983 10 27 2100 600 40.43 -79.15 0.0 404
1983 10 27 2100 600 40.82 -79.53 0.0 406
1983 10 27 2100 600 41.2 -79.43 0.0 408
1983 10 27 2100 600 42.08 -80.18 0.0 412
1983 10 27 2100 600 40.2 -78.25 0.0 502
1983 10 27 2100 600 40.67 -78.23 0.0 504
1983 10 27 2100 600 41.3 -78.48 0.0 506
1983 10 27 2100 600 42.25 -78.8 0.0 510
1983 10 27 2100 600 39.92 -76.75 0.0 602
1983 10 27 2100 600 41.25 -76.92 0.0 606
1983 10 27 2100 600 41.98 -77.57 0.0 608
1983 10 27 2100 600 42.42 -77.57 0.0 610
1983 10 27 2100 600 43.03 -78.18 0.0 614
1983 10 27 2100 600 40.37 -75.93 0.0 702
1983 10 27 2100 600 40.78 -74.67 0.0 703
1983 10 27 2100 600 41.02 -75.9 0.0 704
1983 10 27 2100 600 42.45 -76.45 0.0 708
1983 10 27 2100 600 43.07 -76.83 0.0 710
1983 10 27 2100 600 39.93 -74.7 0.0 802
1983 10 27 2100 600 40.45 -74.8 0.0 803
1983 10 27 2100 600 40.9 -74.6 0.0 804
1983 10 27 2100 600 41.3 -74.67 0.0 805
1983 10 27 2100 600 41.63 -74.8 0.0 806
1983 10 27 2100 600 42.08 -74.97 0.0 807
1983 10 27 2100 600 42.47 -75.07 0.0 808
1983 10 27 2100 600 42.92 -75.12 0.0 809
1983 10 27 2100 600 43.58 -75.52 0.0 811
1983 10 27 2100 600 40.67 -73.52 0.0 902
1983 10 27 2100 600 43.05 -74.2 0.0 908
1983 10 27 2100 600 43.97 -74.1 0.0 910
1983 10 27 2100 600 44.8 -75.0 0.0 912
1983 10 27 2100 600 41.1 -72.37 0.0 2
1983 10 27 2100 600 41.95 -72.3 0.0 4
1983 10 27 2100 600 41.73 -71.43 0.0 102
1983 10 27 2100 600 42.7 -71.17 0.0 104
1983 10 27 2100 600 44.27 -71.3 0.0 106
1983 10 27 2100 600 44.4 -71.18 0.0 107
1983 10 27 2100 600 44.93 -72.2 0.0 108
1983 10 28 300 600 40.43 -79.15 0.0 404
1983 10 28 300 600 40.82 -79.53 0.0 406
1983 10 28 300 600 40.2 -78.25 0.0 502
1983 10 28 300 600 40.67 -78.23 0.0 504
1983 10 28 300 600 41.3 -78.48 0.0 506
1983 10 28 300 600 39.92 -76.75 0.0 602
1983 10 28 300 600 41.25 -76.92 0.0 606
1983 10 28 300 600 40.37 -75.93 0.0 702
1983 10 28 300 600 40.78 -74.67 0.0 703
1983 10 28 300 600 41.02 -75.9 0.0 704
1983 10 28 300 600 39.93 -74.7 0.0 802
1983 10 28 300 600 40.45 -74.8 0.0 803
1983 10 28 300 600 42.47 -75.07 0.0 808
1983 10 28 300 600 43.23 -75.4 0.0 810
1983 10 28 300 600 40.67 -73.52 0.0 902
1983 10 28 300 600 43.97 -74.1 0.0 910
1983 10 28 300 600 41.1 -72.37 0.0 2
1983 10 28 300 600 41.73 -71.43 0.0 102
1983 10 28 300 600 42.7 -71.17 0.0 104
1983 10 28 300 600 44.27 -71.3 0.0 106
1983 10 28 300 600 44.4 -71.18 0.0 107
1983 10 28 1500 300 40.38 -80.63 0.0 306
1983 10 28 1500 300 40.77 -80.75 0.0 308
1983 10 28 1500 300 40.92 -81.43 0.0 310
1983 10 28 1500 300 41.3 -81.15 0.0 312
1983 10 28 1500 300 41.42 -81.87 0.0 314
1983 10 28 1500 300 41.27 -82.62 0.0 318
1983 10 28 1500 300 41.33 -83.12 0.0 320
