Yr Mo Da Hr dur Lat Lon Calc Site
1983 9 25 1800 300 40.38 -80.63 0.0 306
1983 9 25 1800 300 40.77 -80.75 0.0 308
1983 9 25 1800 300 40.92 -81.43 0.0 310
1983 9 25 1800 300 41.3 -81.15 0.0 312
1983 9 25 1800 300 41.42 -81.87 0.0 314
1983 9 25 1800 300 41.3 -82.22 0.0 316
1983 9 25 1800 300 41.27 -82.62 0.0 318
1983 9 25 1800 300 41.33 -83.12 0.0 320
1983 9 25 1800 600 40.2 -78.25 0.0 502
1983 9 25 2100 300 40.38 -80.63 0.0 306
1983 9 25 2100 300 40.77 -80.75 0.0 308
1983 9 25 2100 300 40.92 -81.43 0.0 310
1983 9 25 2100 300 41.3 -81.15 0.0 312
1983 9 25 2100 300 41.42 -81.87 0.0 314
1983 9 25 2100 300 41.3 -82.22 0.0 316
1983 9 25 2100 300 41.27 -82.62 0.0 318
1983 9 25 2100 300 41.33 -83.12 0.0 320
1983 9 25 2100 600 40.0 -79.08 0.0 402
1983 9 25 2100 600 40.43 -79.15 0.0 404
1983 9 25 2100 600 40.82 -79.53 0.0 406
1983 9 25 2100 600 41.2 -79.43 0.0 408
1983 9 25 2100 600 41.63 -79.7 0.0 410
1983 9 25 2100 600 42.08 -80.18 0.0 412
1983 9 25 2100 600 42.6 -80.5 0.0 452
1983 9 25 2100 600 42.67 -81.15 0.0 454
1983 9 25 2100 600 42.7 -82.35 0.0 456
1983 9 25 2100 600 40.67 -78.23 0.0 504
1983 9 25 2100 600 41.8 -78.63 0.0 508
1983 9 25 2100 600 42.48 -78.93 0.0 512
1983 9 25 2100 600 43.52 -79.92 0.0 554
1983 9 25 2100 600 43.98 -80.75 0.0 556
1983 9 26 0 300 40.38 -80.63 0.0 306
1983 9 26 0 300 40.77 -80.75 0.0 308
1983 9 26 0 300 40.92 -81.43 0.0 310
1983 9 26 0 300 41.3 -81.15 0.0 312
1983 9 26 0 300 41.42 -81.87 20.641274743818524 314
1983 9 26 0 300 41.3 -82.22 6.6336491504354935 316
1983 9 26 0 300 41.27 -82.62 61.77865674260473 318
1983 9 26 0 300 41.33 -83.12 41.78826515989746 320
1983 9 26 0 600 40.2 -78.25 0.0 502
1983 9 26 300 300 40.38 -80.63 0.0 306
1983 9 26 300 300 40.77 -80.75 0.0 308
1983 9 26 300 300 40.92 -81.43 2.6697289776834556 310
1983 9 26 300 300 41.3 -81.15 46.22922597640481 312
1983 9 26 300 300 41.42 -81.87 1094.522614434044 314
1983 9 26 300 300 41.3 -82.22 1584.916220591088 316
1983 9 26 300 300 41.27 -82.62 1525.272921770866 318
1983 9 26 300 300 41.33 -83.12 124.78506729567609 320
1983 9 26 300 600 40.0 -79.08 0.0 402
1983 9 26 300 600 40.43 -79.15 0.0 404
1983 9 26 300 600 40.82 -79.53 0.0 406
1983 9 26 300 600 41.2 -79.43 0.0 408
1983 9 26 300 600 42.08 -80.18 287.75844156911387 412
1983 9 26 300 600 42.6 -80.5 154.5715988735975 452
1983 9 26 300 600 42.67 -81.15 63.84777190138946 454
1983 9 26 300 600 42.7 -82.35 0.0 456
1983 9 26 300 600 40.67 -78.23 0.0 504
1983 9 26 300 600 41.8 -78.63 0.0 508
1983 9 26 300 600 42.48 -78.93 1.9766415279958762 512
1983 9 26 300 600 43.18 -79.4 1.594479294864261 552
1983 9 26 300 600 43.52 -79.92 0.0 554
1983 9 26 300 600 43.98 -80.75 0.0 556
1983 9 26 300 600 39.92 -76.75 0.0 602
1983 9 26 300 600 40.48 -77.13 0.0 604
1983 9 26 300 600 41.98 -77.57 0.0 608
1983 9 26 300 600 42.88 -78.03 0.0 612
1983 9 26 300 600 43.03 -78.18 0.0 614
1983 9 26 300 600 43.92 -78.67 0.0 652
1983 9 26 300 600 44.23 -78.37 0.0 653
1983 9 26 300 600 44.62 -79.53 0.0 654
1983 9 26 600 300 40.38 -80.63 0.0 306
1983 9 26 600 300 40.77 -80.75 1.6279111413084655 308
1983 9 26 600 300 40.92 -81.43 386.00759020604903 310
1983 9 26 600 300 41.3 -81.15 593.1995463553214 312
1983 9 26 600 300 41.42 -81.87 3458.99150329721 314
1983 9 26 600 300 41.3 -82.22 3326.983659865117 316
1983 9 26 600 300 41.27 -82.62 1243.9405051721142 318
1983 9 26 600 300 41.33 -83.12 37.35602603326009 320
1983 9 26 600 600 40.2 -78.25 0.0 502
1983 9 26 900 300 40.38 -80.63 0.0 306
1983 9 26 900 300 40.77 -80.75 79.74744343745105 308
1983 9 26 900 300 40.92 -81.43 2606.566089467575 310
1983 9 26 900 300 41.3 -81.15 3359.4005062570714 312
1983 9 26 900 300 41.42 -81.87 1897.3218767553315 314
1983 9 26 900 300 41.3 -82.22 1789.624586972196 316
1983 9 26 900 300 41.27 -82.62 464.51552957740375 318
1983 9 26 900 300 41.33 -83.12 15.352152089952815 320
1983 9 26 900 600 40.0 -79.08 0.0 402
1983 9 26 900 600 40.43 -79.15 0.0 404
1983 9 26 900 600 40.82 -79.53 2.10938687056214 406
1983 9 26 900 600 41.2 -79.43 23.26868373871559 408
1983 9 26 900 600 41.63 -79.7 332.99676647219957 410
1983 9 26 900 600 42.08 -80.18 1507.0897990812741 412
1983 9 26 900 600 42.6 -80.5 431.8650738583462 452
1983 9 26 900 600 42.67 -81.15 8.562687396819372 454
1983 9 26 900 600 42.7 -82.35 0.0 456
1983 9 26 900 600 40.67 -78.23 0.0 504
1983 9 26 900 600 41.8 -78.63 16.331288957949635 508
1983 9 26 900 600 42.48 -78.93 284.46829517595364 512
1983 9 26 900 600 43.18 -79.4 187.6978558810436 552
1983 9 26 900 600 43.52 -79.92 3.777992490414892 554
1983 9 26 900 600 43.98 -80.75 0.0 556
1983 9 26 900 600 39.92 -76.75 0.0 602
1983 9 26 900 600 40.48 -77.13 0.0 604
1983 9 26 900 600 41.98 -77.57 3.4257864953109407 608
1983 9 26 900 600 42.88 -78.03 74.98858953169447 612
1983 9 26 900 600 43.03 -78.18 108.50504957607548 614
1983 9 26 900 600 43.92 -78.67 4.178561989067241 652
1983 9 26 900 600 44.23 -78.37 0.0 653
1983 9 26 900 600 44.62 -79.53 0.0 654
1983 9 26 900 600 41.02 -75.9 0.0 704
1983 9 26 900 600 41.83 -75.87 0.0 706
1983 9 26 900 600 42.45 -76.45 1.2193985134294625 708
1983 9 26 900 600 43.98 -77.22 1.0574164452240766 752
1983 9 26 900 600 44.68 -77.15 0.0 753
1983 9 26 900 600 44.28 -77.78 0.0 754
1983 9 26 900 600 39.93 -74.7 0.0 802
1983 9 26 900 600 40.45 -74.8 0.0 803
1983 9 26 900 600 40.9 -74.6 0.0 804
1983 9 26 900 600 41.3 -74.67 0.0 805
1983 9 26 900 600 41.63 -74.8 0.0 806
1983 9 26 900 600 42.08 -74.97 0.0 807
1983 9 26 900 600 42.47 -75.07 0.0 808
1983 9 26 900 600 43.23 -75.4 0.0 810
1983 9 26 900 600 43.58 -75.52 0.0 811
1983 9 26 900 600 44.0 -76.02 0.0 812
1983 9 26 900 600 44.48 -76.03 0.0 852
1983 9 26 1200 600 40.2 -78.25 0.0 502
1983 9 26 1200 600 43.07 -76.83 67.48284641987088 710
1983 9 26 1500 600 40.0 -79.08 0.0 402
1983 9 26 1500 600 40.43 -79.15 2.700006206405187 404
1983 9 26 1500 600 40.82 -79.53 51.105665321641595 406
1983 9 26 1500 600 41.2 -79.43 304.93590555477533 408
1983 9 26 1500 600 41.63 -79.7 543.4091678406552 410
1983 9 26 1500 600 42.08 -80.18 203.95985388124947 412
1983 9 26 1500 600 42.6 -80.5 2.863599552818264 452
1983 9 26 1500 600 42.67 -81.15 0.0 454
1983 9 26 1500 600 42.7 -82.35 0.0 456
1983 9 26 1500 600 40.67 -78.23 4.874966090098692 504
1983 9 26 1500 600 41.8 -78.63 614.0249823183235 508
1983 9 26 1500 600 42.25 -78.8 574.1257730497264 510
1983 9 26 1500 600 42.48 -78.93 555.4630300914514 512
1983 9 26 1500 600 43.18 -79.4 18.7478795820973 552
1983 9 26 1500 600 43.52 -79.92 0.0 554
1983 9 26 1500 600 43.98 -80.75 0.0 556
1983 9 26 1500 600 39.92 -76.75 0.0 602
1983 9 26 1500 600 40.48 -77.13 1.4484998765786352 604
1983 9 26 1500 600 41.98 -77.57 502.18754210435986 608
1983 9 26 1500 600 42.88 -78.03 633.8694234819496 612
1983 9 26 1500 600 43.03 -78.18 504.28223238106034 614
1983 9 26 1500 600 43.92 -78.67 4.495966502749507 652
1983 9 26 1500 600 44.23 -78.37 1.705165752377501 653
1983 9 26 1500 600 44.62 -79.53 0.0 654
1983 9 26 1500 600 41.02 -75.9 12.629988871924587 704
1983 9 26 1500 600 41.83 -75.87 147.8976149720136 706
1983 9 26 1500 600 42.45 -76.45 332.3665659496262 708
1983 9 26 1500 600 43.98 -77.22 38.02404335868803 752
1983 9 26 1500 600 44.68 -77.15 1.1360476910952575 753
1983 9 26 1500 600 44.28 -77.78 4.354071396565718 754
1983 9 26 1500 600 39.93 -74.7 0.0 802
1983 9 26 1500 600 40.45 -74.8 0.0 803
1983 9 26 1500 600 40.9 -74.6 0.0 804
1983 9 26 1500 600 41.3 -74.67 3.4902644220018475 805
1983 9 26 1500 600 41.63 -74.8 14.911169556770801 806
1983 9 26 1500 600 42.08 -74.97 41.94513773166916 807
1983 9 26 1500 600 42.47 -75.07 64.74462881799438 808
1983 9 26 1500 600 43.23 -75.4 40.47664426931753 810
1983 9 26 1500 600 43.58 -75.52 18.130454949088932 811
1983 9 26 1500 600 44.0 -76.02 18.11160188786386 812
1983 9 26 1500 600 44.48 -76.03 4.418784254188462 852
1983 9 26 1500 600 40.67 -73.52 0.0 902
1983 9 26 1500 600 43.05 -74.2 10.448921737245406 908
1983 9 26 1500 600 44.8 -75.0 0.0 912
1983 9 26 1500 600 45.55 -75.52 0.0 952
1983 9 26 1800 600 40.2 -78.25 1.0916409713418234 502
1983 9 26 1800 600 43.07 -76.83 809.1719800062441 710
1983 9 26 2100 600 40.0 -79.08 0.0 402
1983 9 26 2100 600 40.43 -79.15 3.859911337992874 404
1983 9 26 2100 600 40.82 -79.53 18.869152008143814 406
1983 9 26 2100 600 41.2 -79.43 82.98305312223702 408
1983 9 26 2100 600 41.63 -79.7 93.8291631313612 410
1983 9 26 2100 600 42.08 -80.18 11.308593717696018 412
1983 9 26 2100 600 42.6 -80.5 0.0 452
1983 9 26 2100 600 42.67 -81.15 0.0 454
1983 9 26 2100 600 42.7 -82.35 0.0 456
1983 9 26 2100 600 40.67 -78.23 18.590870185849866 504
1983 9 26 2100 600 41.8 -78.63 341.2216275788291 508
1983 9 26 2100 600 42.25 -78.8 125.00357925177035 510
1983 9 26 2100 600 42.48 -78.93 50.75254813806613 512
1983 9 26 2100 600 43.18 -79.4 1.697726372804951 552
1983 9 26 2100 600 43.52 -79.92 0.0 554
1983 9 26 2100 600 43.98 -80.75 0.0 556
1983 9 26 2100 600 39.92 -76.75 1.3084960712084752 602
1983 9 26 2100 600 40.48 -77.13 5.672613066787984 604
1983 9 26 2100 600 41.98 -77.57 906.3088740968459 608
1983 9 26 2100 600 42.88 -78.03 273.4443028440701 612
1983 9 26 2100 600 43.03 -78.18 138.15503324678554 614
1983 9 26 2100 600 43.92 -78.67 1.7964181685664433 652
1983 9 26 2100 600 44.23 -78.37 1.580107755639446 653
1983 9 26 2100 600 44.62 -79.53 0.0 654
1983 9 26 2100 600 40.37 -75.93 5.542993819053308 702
1983 9 26 2100 600 40.78 -74.67 3.921289287457286 703
1983 9 26 2100 600 41.02 -75.9 40.59125113916457 704
1983 9 26 2100 600 41.83 -75.87 232.34007693455848 706
1983 9 26 2100 600 42.45 -76.45 1057.121989809494 708
1983 9 26 2100 600 43.98 -77.22 160.37250175661197 752
1983 9 26 2100 600 44.28 -77.78 10.464315653867938 754
1983 9 26 2100 600 39.93 -74.7 0.0 802
1983 9 26 2100 600 40.45 -74.8 1.1577640705526173 803
1983 9 26 2100 600 40.9 -74.6 5.8287290655601955 804
1983 9 26 2100 600 41.3 -74.67 37.12055610463699 805
1983 9 26 2100 600 41.63 -74.8 125.5153430915687 806
1983 9 26 2100 600 42.08 -74.97 228.2368697291893 807
1983 9 26 2100 600 42.47 -75.07 373.5373227090402 808
1983 9 26 2100 600 43.23 -75.4 436.71439996417934 810
1983 9 26 2100 600 43.58 -75.52 232.23359233099882 811
1983 9 26 2100 600 44.0 -76.02 295.33417842320625 812
1983 9 26 2100 600 44.48 -76.03 114.02538660641528 852
1983 9 26 2100 600 40.67 -73.52 0.0 902
1983 9 26 2100 600 41.27 -73.8 7.204671135728092 904
1983 9 26 2100 600 43.05 -74.2 246.3536993746643 908
1983 9 26 2100 600 43.97 -74.1 41.88635895904367 910
1983 9 26 2100 600 44.8 -75.0 37.919279712239586 912
1983 9 26 2100 600 45.55 -75.52 6.541953358208892 952
1983 9 26 2100 600 41.1 -72.37 0.0 2
1983 9 26 2100 600 43.03 -72.8 19.91122201500564 6
1983 9 26 2100 600 43.95 -73.22 32.628226114524466 8
1983 9 26 2100 600 44.9 -73.8 4.620756489542933 10
1983 9 27 0 600 40.2 -78.25 3.150923372749253 502
1983 9 27 0 600 43.07 -76.83 1919.1930609267627 710
1983 9 27 300 600 40.0 -79.08 0.0 402
1983 9 27 300 600 40.43 -79.15 2.124000200379462 404
1983 9 27 300 600 40.82 -79.53 3.3895571279142866 406
1983 9 27 300 600 41.2 -79.43 9.951725916738448 408
1983 9 27 300 600 41.63 -79.7 13.539294621069219 410
1983 9 27 300 600 42.08 -80.18 5.73815641218775 412
1983 9 27 300 600 42.6 -80.5 0.0 452
1983 9 27 300 600 42.67 -81.15 0.0 454
1983 9 27 300 600 42.7 -82.35 0.0 456
1983 9 27 300 600 40.67 -78.23 25.226573772542412 504
1983 9 27 300 600 41.8 -78.63 103.64575038735711 508
1983 9 27 300 600 42.25 -78.8 59.66905966482091 510
1983 9 27 300 600 42.48 -78.93 30.639812673514843 512
1983 9 27 300 600 43.18 -79.4 1.1314088484848321 552
1983 9 27 300 600 43.52 -79.92 0.0 554
1983 9 27 300 600 43.98 -80.75 0.0 556
1983 9 27 300 600 39.92 -76.75 5.071192144290853 602
1983 9 27 300 600 40.48 -77.13 66.310530038635 604
1983 9 27 300 600 41.98 -77.57 570.8314883420878 608
1983 9 27 300 600 42.88 -78.03 37.463824089740896 612
1983 9 27 300 600 43.03 -78.18 18.428073081677386 614
1983 9 27 300 600 43.92 -78.67 0.0 652
1983 9 27 300 600 44.23 -78.37 0.0 653
1983 9 27 300 600 44.62 -79.53 0.0 654
1983 9 27 300 600 40.37 -75.93 19.418517913086706 702
1983 9 27 300 600 40.78 -74.67 50.00487694604875 703
1983 9 27 300 600 41.02 -75.9 147.74065189856478 704
1983 9 27 300 600 41.83 -75.87 362.4123497130704 706
1983 9 27 300 600 42.45 -76.45 2140.900686075643 708
1983 9 27 300 600 43.98 -77.22 43.18067629252696 752
1983 9 27 300 600 44.28 -77.78 1.758111967288317 754
1983 9 27 300 600 39.93 -74.7 3.953294300443955 802
1983 9 27 300 600 40.45 -74.8 16.355626349632274 803
1983 9 27 300 600 40.9 -74.6 74.16121545233761 804
1983 9 27 300 600 41.3 -74.67 190.03369598106966 805
1983 9 27 300 600 41.63 -74.8 255.48882034367088 806
1983 9 27 300 600 42.08 -74.97 283.32860905542304 807
1983 9 27 300 600 42.47 -75.07 373.77048950540535 808
1983 9 27 300 600 43.23 -75.4 734.304036336627 810
1983 9 27 300 600 43.58 -75.52 393.8191082567604 811
1983 9 27 300 600 44.48 -76.03 262.4994094337266 852
1983 9 27 300 600 40.67 -73.52 36.901495376147956 902
1983 9 27 300 600 41.27 -73.8 74.74946565476785 904
1983 9 27 300 600 43.05 -74.2 1080.1268281093944 908
1983 9 27 300 600 43.97 -74.1 229.39140028864463 910
1983 9 27 300 600 44.8 -75.0 242.63134344466394 912
1983 9 27 300 600 45.55 -75.52 32.811469913604334 952
1983 9 27 300 600 41.1 -72.37 79.62259960597873 2
1983 9 27 300 600 43.03 -72.8 254.7754773049645 6
1983 9 27 300 600 43.95 -73.22 274.06114401001963 8
1983 9 27 300 600 44.9 -73.8 106.14045659027498 10
1983 9 27 300 600 45.98 -74.0 14.965801060064276 52
1983 9 27 300 600 41.73 -71.43 42.550606440785316 102
1983 9 27 300 600 44.4 -71.18 15.50507881520789 107
1983 9 27 300 600 44.93 -72.2 10.292756763773165 108
1983 9 27 300 600 46.07 -72.58 3.805866807306628 152
1983 9 27 600 600 43.07 -76.83 456.185719565055 710
1983 9 27 900 600 42.25 -78.8 8.593121930421109 510
1983 9 27 900 600 43.18 -79.4 1.0049218551658339 552
1983 9 27 900 600 39.92 -76.75 250.74779250494217 602
1983 9 27 900 600 40.48 -77.13 333.43913587147034 604
1983 9 27 900 600 41.98 -77.57 61.762467405382914 608
1983 9 27 900 600 42.88 -78.03 17.15264818629622 612
1983 9 27 900 600 43.03 -78.18 10.810040276319006 614
1983 9 27 900 600 43.92 -78.67 0.0 652
1983 9 27 900 600 44.23 -78.37 0.0 653
1983 9 27 900 600 44.62 -79.53 0.0 654
1983 9 27 900 600 40.37 -75.93 625.4847541009818 702
1983 9 27 900 600 40.78 -74.67 901.2460647749986 703
1983 9 27 900 600 41.02 -75.9 668.5841332390931 704
1983 9 27 900 600 41.83 -75.87 535.9789340479942 706
1983 9 27 900 600 42.45 -76.45 698.1549565708654 708
1983 9 27 900 600 43.98 -77.22 3.8790371308842295 752
1983 9 27 900 600 44.28 -77.78 0.0 754
1983 9 27 900 600 39.93 -74.7 135.5920728620136 802
1983 9 27 900 600 40.45 -74.8 553.9035972265601 803
1983 9 27 900 600 40.9 -74.6 1014.631160542735 804
1983 9 27 900 600 41.3 -74.67 1055.6244318190197 805
1983 9 27 900 600 41.63 -74.8 613.745372147059 806
1983 9 27 900 600 42.08 -74.97 376.4273061300262 807
1983 9 27 900 600 42.47 -75.07 359.06037344834607 808
1983 9 27 900 600 43.23 -75.4 318.5984965648649 810
1983 9 27 900 600 43.58 -75.52 195.09496567772706 811
1983 9 27 900 600 44.48 -76.03 20.875081624230187 852
1983 9 27 900 600 40.67 -73.52 319.6304265517429 902
1983 9 27 900 600 41.27 -73.8 1077.5249656330132 904
1983 9 27 900 600 43.05 -74.2 520.2262234661367 908
1983 9 27 900 600 43.97 -74.1 112.63305617936088 910
1983 9 27 900 600 44.8 -75.0 56.613874513651794 912
1983 9 27 900 600 45.55 -75.52 6.921363558138982 952
1983 9 27 900 600 41.1 -72.37 331.56153184723894 2
1983 9 27 900 600 43.03 -72.8 426.30353385039894 6
1983 9 27 900 600 43.95 -73.22 543.8391759982507 8
1983 9 27 900 600 44.9 -73.8 89.0987930527343 10
1983 9 27 900 600 45.98 -74.0 14.398415862519322 52
1983 9 27 900 600 41.73 -71.43 378.83899486930864 102
1983 9 27 900 600 44.4 -71.18 50.22491803571324 107
1983 9 27 900 600 44.93 -72.2 30.482467803338885 108
1983 9 27 900 600 46.07 -72.58 15.523967009139387 152
1983 9 27 1200 600 43.07 -76.83 21.18563362020875 710
1983 9 27 1500 600 42.25 -78.8 0.0 510
1983 9 27 1500 600 40.37 -75.93 177.41175667779743 702
1983 9 27 1500 600 40.78 -74.67 221.5554539000289 703
1983 9 27 1500 600 41.02 -75.9 64.6955774246811 704
1983 9 27 1500 600 41.83 -75.87 24.1613402379481 706
1983 9 27 1500 600 42.45 -76.45 5.189390979853957 708
1983 9 27 1500 600 43.98 -77.22 0.0 752
1983 9 27 1500 600 44.28 -77.78 0.0 754
1983 9 27 1500 600 39.93 -74.7 297.1777191895541 802
1983 9 27 1500 600 40.45 -74.8 305.8138419154801 803
1983 9 27 1500 600 40.9 -74.6 190.61294074340887 804
1983 9 27 1500 600 41.3 -74.67 81.55779986235467 805
1983 9 27 1500 600 41.63 -74.8 47.89817063138014 806
1983 9 27 1500 600 42.08 -74.97 32.36500672837881 807
1983 9 27 1500 600 42.47 -75.07 25.74824495914402 808
1983 9 27 1500 600 43.23 -75.4 6.4150590548324935 810
1983 9 27 1500 600 43.58 -75.52 1.3323240594743069 811
1983 9 27 1500 600 44.48 -76.03 0.0 852
1983 9 27 1500 600 40.67 -73.52 369.14009032905363 902
1983 9 27 1500 600 41.27 -73.8 188.43851174531443 904
1983 9 27 1500 600 43.05 -74.2 33.6874239855111 908
1983 9 27 1500 600 43.97 -74.1 2.7781278650553465 910
1983 9 27 1500 600 44.8 -75.0 0.0 912
1983 9 27 1500 600 45.55 -75.52 0.0 952
1983 9 27 1500 600 41.1 -72.37 384.1540046083002 2
1983 9 27 1500 600 43.03 -72.8 82.72693099543241 6
1983 9 27 1500 600 43.95 -73.22 10.07595178577385 8
1983 9 27 1500 600 44.9 -73.8 0.0 10
1983 9 27 1500 600 45.98 -74.0 0.0 52
1983 9 27 1500 600 41.73 -71.43 382.2371302557121 102
1983 9 27 1500 600 44.4 -71.18 17.068490020744918 107
1983 9 27 1500 600 44.93 -72.2 5.139028007711467 108
1983 9 27 1500 600 46.07 -72.58 0.0 152
1983 9 27 1800 600 43.07 -76.83 0.0 710
1983 9 27 2100 600 42.25 -78.8 0.0 510
1983 9 27 2100 600 40.37 -75.93 78.20811940210105 702
1983 9 27 2100 600 40.78 -74.67 125.45567456080965 703
1983 9 27 2100 600 40.67 -73.52 286.8815178827008 902
1983 9 27 2100 600 41.27 -73.8 112.04167875585767 904
1983 9 27 2100 600 43.05 -74.2 0.0 908
1983 9 27 2100 600 43.97 -74.1 0.0 910
1983 9 27 2100 600 44.8 -75.0 0.0 912
1983 9 27 2100 600 45.55 -75.52 0.0 952
1983 9 27 2100 600 41.1 -72.37 354.36099606890076 2
1983 9 27 2100 600 43.03 -72.8 7.432915981808313 6
1983 9 27 2100 600 43.95 -73.22 0.0 8
1983 9 27 2100 600 44.9 -73.8 0.0 10
1983 9 27 2100 600 45.98 -74.0 0.0 52
1983 9 27 2100 600 41.73 -71.43 342.48122509685896 102
1983 9 27 2100 600 44.4 -71.18 1.832727428846031 107
1983 9 27 2100 600 44.93 -72.2 0.0 108
1983 9 27 2100 600 46.07 -72.58 0.0 152
1983 9 28 300 600 40.37 -75.93 16.82795897019487 702
1983 9 28 300 600 40.78 -74.67 31.134404454630882 703
1983 9 28 300 600 41.27 -73.8 24.950197185541096 904
1983 9 28 300 600 43.97 -74.1 0.0 910
1983 9 28 300 600 41.1 -72.37 126.9885367651438 2
1983 9 28 300 600 43.03 -72.8 0.0 6
1983 9 28 300 600 43.95 -73.22 0.0 8
1983 9 28 300 600 44.9 -73.8 0.0 10
1983 9 28 300 600 45.98 -74.0 0.0 52
1983 9 28 300 600 41.73 -71.43 84.37919930797341 102
1983 9 28 300 600 44.4 -71.18 0.0 107
1983 9 28 300 600 44.93 -72.2 0.0 108
1983 9 28 300 600 46.07 -72.58 0.0 152
