Yr Mo Da Hr dur Lat Lon Calc Site
1983 10 29 600 600 40.78 -74.67 0.0 703
1983 10 29 600 600 41.02 -75.9 0.0 704
1983 10 29 600 600 41.83 -75.87 0.0 706
1983 10 29 600 600 42.45 -76.45 0.0 708
1983 10 29 600 600 39.93 -74.7 0.0 802
1983 10 29 600 600 40.9 -74.6 0.0 804
1983 10 29 600 600 41.63 -74.8 0.0 806
1983 10 29 600 600 42.08 -74.97 0.0 807
1983 10 29 600 600 43.23 -75.4 0.0 810
1983 10 29 600 600 40.67 -73.52 0.0 902
1983 10 29 600 600 43.05 -74.2 0.0 908
1983 10 29 600 600 43.97 -74.1 0.0 910
1983 10 29 600 600 44.8 -75.0 0.0 912
1983 10 29 600 600 41.95 -72.3 0.0 4
1983 10 29 600 600 41.73 -71.43 0.0 102
1983 10 29 600 600 42.7 -71.17 0.0 104
1983 10 29 600 600 44.27 -71.3 0.0 106
1983 10 29 600 600 44.4 -71.18 0.0 107
1983 10 29 600 600 44.93 -72.2 0.0 108
1983 10 29 600 600 40.2 -78.25 0.0 502
1983 10 29 600 600 40.67 -78.23 0.0 504
1983 10 29 600 600 41.3 -78.48 0.0 506
1983 10 29 600 600 41.8 -78.63 0.0 508
1983 10 29 600 600 42.25 -78.8 0.0 510
1983 10 29 600 600 39.92 -76.75 0.0 602
1983 10 29 600 600 41.98 -77.57 0.0 608
1983 10 29 600 600 43.03 -78.18 0.0 614
1983 10 29 600 600 40.78 -74.67 0.0 703
1983 10 29 600 600 41.02 -75.9 0.0 704
1983 10 29 600 600 41.83 -75.87 0.0 706
1983 10 29 600 600 42.45 -76.45 0.0 708
1983 10 29 600 600 39.93 -74.7 0.0 802
1983 10 29 600 600 40.9 -74.6 0.0 804
1983 10 29 600 600 41.63 -74.8 0.0 806
1983 10 29 600 600 42.08 -74.97 0.0 807
1983 10 29 600 600 43.23 -75.4 0.0 810
1983 10 29 600 600 40.67 -73.52 0.0 902
1983 10 29 600 600 43.05 -74.2 0.0 908
1983 10 29 600 600 43.97 -74.1 0.0 910
1983 10 29 600 600 44.8 -75.0 0.0 912
1983 10 29 600 600 41.95 -72.3 0.0 4
1983 10 29 600 600 41.73 -71.43 0.0 102
1983 10 29 600 600 42.7 -71.17 0.0 104
1983 10 29 600 600 44.27 -71.3 0.0 106
1983 10 29 600 600 44.4 -71.18 0.0 107
1983 10 29 600 600 44.93 -72.2 0.0 108
1983 10 29 600 300 40.38 -80.63 0.0 306
1983 10 29 600 300 40.77 -80.75 0.0 308
1983 10 29 600 300 40.92 -81.43 0.0 310
1983 10 29 600 300 41.3 -81.15 0.0 312
1983 10 29 600 300 41.42 -81.87 0.0 314
1983 10 29 600 300 41.27 -82.62 0.0 318
1983 10 29 600 300 41.33 -83.12 0.0 320
1983 10 29 600 300 40.43 -79.15 0.0 404
1983 10 29 600 300 42.08 -80.18 0.0 412
1983 10 29 600 300 42.67 -81.15 0.0 454
1983 10 29 600 300 42.7 -82.35 0.0 456
1983 10 29 600 300 43.52 -79.92 0.0 554
1983 10 29 600 300 43.98 -80.75 0.0 556
1983 10 29 600 300 43.92 -78.67 0.0 652
1983 10 29 600 300 44.23 -78.37 0.0 653
1983 10 29 600 300 44.62 -79.53 0.0 654
1983 10 29 600 300 44.68 -77.15 0.0 753
1983 10 29 600 300 44.28 -77.78 0.0 754
1983 10 29 600 300 44.48 -76.03 0.0 852
1983 10 29 600 300 45.55 -75.52 0.0 952
1983 10 29 600 300 45.98 -74.0 0.0 52
1983 10 29 900 600 41.27 -73.8 0.0 904
1983 10 29 900 600 41.1 -72.37 0.0 2
1983 10 29 900 600 41.25 -76.92 0.0 606
1983 10 29 900 600 40.37 -75.93 0.0 702
1983 10 29 900 600 40.45 -74.8 0.0 803
1983 10 29 900 600 41.3 -74.67 0.0 805
1983 10 29 900 600 42.47 -75.07 0.0 808
1983 10 29 900 600 41.27 -73.8 0.0 904
1983 10 29 900 600 41.1 -72.37 0.0 2
1983 10 29 900 300 40.38 -80.63 0.0 306
1983 10 29 900 300 40.77 -80.75 0.0 308
1983 10 29 900 300 40.92 -81.43 0.0 310
1983 10 29 900 300 41.42 -81.87 0.0 314
1983 10 29 900 300 41.27 -82.62 0.0 318
1983 10 29 900 300 40.43 -79.15 0.0 404
1983 10 29 900 300 42.08 -80.18 0.0 412
1983 10 29 900 300 42.67 -81.15 0.0 454
1983 10 29 900 300 42.7 -82.35 0.0 456
1983 10 29 900 300 43.52 -79.92 0.0 554
1983 10 29 900 300 43.98 -80.75 0.0 556
1983 10 29 900 300 43.92 -78.67 0.0 652
1983 10 29 900 300 44.23 -78.37 0.0 653
1983 10 29 900 300 44.62 -79.53 929.7264440744601 654
1983 10 29 900 300 44.68 -77.15 0.0 753
1983 10 29 900 300 44.28 -77.78 0.0 754
1983 10 29 900 300 44.48 -76.03 0.0 852
1983 10 29 900 300 45.55 -75.52 0.0 952
1983 10 29 900 300 45.98 -74.0 0.0 52
1983 10 29 1200 600 40.2 -78.25 0.0 502
1983 10 29 1200 600 40.67 -78.23 0.0 504
1983 10 29 1200 600 41.3 -78.48 0.0 506
1983 10 29 1200 600 41.8 -78.63 1.461823088388199 508
1983 10 29 1200 600 42.25 -78.8 35.64869545972388 510
1983 10 29 1200 600 39.92 -76.75 0.0 602
1983 10 29 1200 600 41.98 -77.57 9.939689417802214 608
1983 10 29 1200 600 43.03 -78.18 717.4574250925267 614
1983 10 29 1200 600 40.78 -74.67 0.0 703
1983 10 29 1200 600 41.02 -75.9 0.0 704
1983 10 29 1200 600 41.83 -75.87 0.0 706
1983 10 29 1200 600 42.45 -76.45 0.0 708
1983 10 29 1200 600 43.07 -76.83 1.3121749513642487 710
1983 10 29 1200 600 39.93 -74.7 0.0 802
1983 10 29 1200 600 40.9 -74.6 0.0 804
1983 10 29 1200 600 41.63 -74.8 0.0 806
1983 10 29 1200 600 43.23 -75.4 0.0 810
1983 10 29 1200 600 40.67 -73.52 0.0 902
1983 10 29 1200 600 43.05 -74.2 0.0 908
1983 10 29 1200 600 43.97 -74.1 0.0 910
1983 10 29 1200 600 44.8 -75.0 0.0 912
1983 10 29 1200 600 41.95 -72.3 0.0 4
1983 10 29 1200 600 41.73 -71.43 0.0 102
1983 10 29 1200 600 42.7 -71.17 0.0 104
1983 10 29 1200 600 44.27 -71.3 0.0 106
1983 10 29 1200 600 44.4 -71.18 0.0 107
1983 10 29 1200 600 44.93 -72.2 0.0 108
1983 10 29 1200 300 40.38 -80.63 0.0 306
1983 10 29 1200 300 40.92 -81.43 0.0 310
1983 10 29 1200 300 41.42 -81.87 0.0 314
1983 10 29 1200 300 41.27 -82.62 0.0 318
1983 10 29 1200 300 41.33 -83.12 0.0 320
1983 10 29 1200 300 42.08 -80.18 0.0 412
1983 10 29 1200 300 42.67 -81.15 0.0 454
1983 10 29 1200 300 42.7 -82.35 0.0 456
1983 10 29 1200 300 43.18 -79.4 163.98656273755216 552
1983 10 29 1200 300 43.52 -79.92 161.11199133088988 554
1983 10 29 1200 300 43.98 -80.75 4.72898478235859 556
1983 10 29 1200 300 43.92 -78.67 703.8942042709327 652
1983 10 29 1200 300 44.23 -78.37 95.65461841829797 653
1983 10 29 1200 300 44.62 -79.53 7227.4893320282745 654
1983 10 29 1200 300 44.68 -77.15 0.0 753
1983 10 29 1200 300 44.28 -77.78 0.0 754
1983 10 29 1200 300 44.48 -76.03 0.0 852
1983 10 29 1200 300 45.55 -75.52 0.0 952
1983 10 29 1200 300 45.98 -74.0 0.0 52
1983 10 29 1500 600 41.25 -76.92 76.01793835428289 606
1983 10 29 1500 600 40.37 -75.93 1.260207299247565 702
1983 10 29 1500 600 40.45 -74.8 0.0 803
1983 10 29 1500 600 41.3 -74.67 0.0 805
1983 10 29 1500 600 41.27 -73.8 0.0 904
1983 10 29 1500 600 41.1 -72.37 0.0 2
1983 10 29 1500 300 40.38 -80.63 0.0 306
1983 10 29 1500 300 40.92 -81.43 0.0 310
1983 10 29 1500 300 41.42 -81.87 0.0 314
1983 10 29 1500 300 41.27 -82.62 0.0 318
1983 10 29 1500 300 41.33 -83.12 0.0 320
1983 10 29 1500 300 42.67 -81.15 0.0 454
1983 10 29 1500 300 43.18 -79.4 1589.329201931409 552
1983 10 29 1500 300 43.52 -79.92 675.6077564439659 554
1983 10 29 1500 300 43.98 -80.75 11.563746437015897 556
1983 10 29 1500 300 43.92 -78.67 2306.204913275449 652
1983 10 29 1500 300 44.23 -78.37 179.87184342345338 653
1983 10 29 1500 300 44.62 -79.53 1768.4860444623328 654
1983 10 29 1500 300 44.68 -77.15 0.0 753
1983 10 29 1500 300 44.28 -77.78 3.553077310924919 754
1983 10 29 1500 300 44.48 -76.03 0.0 852
1983 10 29 1500 300 45.55 -75.52 0.0 952
1983 10 29 1500 300 45.98 -74.0 0.0 52
1983 10 29 1800 600 40.2 -78.25 4.08462003556913 502
1983 10 29 1800 600 40.67 -78.23 60.33203608221362 504
1983 10 29 1800 600 41.3 -78.48 350.7593114290898 506
1983 10 29 1800 600 41.8 -78.63 560.7476773738381 508
1983 10 29 1800 600 42.25 -78.8 746.2560316746439 510
1983 10 29 1800 600 39.92 -76.75 46.226088990288495 602
1983 10 29 1800 600 41.98 -77.57 1772.5012204180014 608
1983 10 29 1800 600 43.03 -78.18 2216.3951991397876 614
1983 10 29 1800 600 40.78 -74.67 0.0 703
1983 10 29 1800 600 41.02 -75.9 169.8143353653082 704
1983 10 29 1800 600 41.83 -75.87 26.250379469851428 706
1983 10 29 1800 600 42.45 -76.45 52.94638701320655 708
1983 10 29 1800 600 43.07 -76.83 30.51501766184516 710
1983 10 29 1800 600 39.93 -74.7 1.1169291092906004 802
1983 10 29 1800 600 40.9 -74.6 0.0 804
1983 10 29 1800 600 41.63 -74.8 0.0 806
1983 10 29 1800 600 43.23 -75.4 0.0 810
1983 10 29 1800 600 40.67 -73.52 0.0 902
1983 10 29 1800 600 43.05 -74.2 0.0 908
1983 10 29 1800 600 43.97 -74.1 0.0 910
1983 10 29 1800 600 44.8 -75.0 0.0 912
1983 10 29 1800 600 41.95 -72.3 0.0 4
1983 10 29 1800 600 41.73 -71.43 0.0 102
1983 10 29 1800 600 42.7 -71.17 0.0 104
1983 10 29 1800 600 44.27 -71.3 0.0 106
1983 10 29 1800 600 44.4 -71.18 0.0 107
1983 10 29 1800 600 44.93 -72.2 0.0 108
1983 10 29 1800 300 40.38 -80.63 0.0 306
1983 10 29 1800 300 40.92 -81.43 0.0 310
1983 10 29 1800 300 41.42 -81.87 0.0 314
1983 10 29 1800 300 41.27 -82.62 0.0 318
1983 10 29 1800 300 41.33 -83.12 0.0 320
1983 10 29 1800 300 42.67 -81.15 0.0 454
1983 10 29 1800 300 43.52 -79.92 188.07752958626764 554
1983 10 29 1800 300 43.98 -80.75 2.4216921004318253 556
1983 10 29 1800 300 43.92 -78.67 544.3103981670344 652
1983 10 29 1800 300 44.23 -78.37 34.04145692082067 653
1983 10 29 1800 300 44.62 -79.53 12.979126219963634 654
1983 10 29 1800 300 44.68 -77.15 0.0 753
1983 10 29 1800 300 44.28 -77.78 2.278224546757965 754
1983 10 29 1800 300 44.48 -76.03 0.0 852
1983 10 29 1800 300 45.55 -75.52 0.0 952
1983 10 29 1800 300 45.98 -74.0 0.0 52
1983 10 29 2100 600 41.25 -76.92 8516.369145127877 606
1983 10 29 2100 600 40.37 -75.93 1066.6757241472042 702
1983 10 29 2100 600 40.45 -74.8 29.65907798197843 803
1983 10 29 2100 600 41.3 -74.67 0.0 805
1983 10 29 2100 600 42.47 -75.07 0.0 808
1983 10 29 2100 600 41.27 -73.8 0.0 904
1983 10 29 2100 600 41.1 -72.37 0.0 2
1983 10 29 2100 300 40.38 -80.63 0.0 306
1983 10 29 2100 300 40.92 -81.43 0.0 310
1983 10 29 2100 300 41.42 -81.87 0.0 314
1983 10 29 2100 300 41.27 -82.62 0.0 318
1983 10 29 2100 300 41.33 -83.12 0.0 320
1983 10 29 2100 300 42.67 -81.15 0.0 454
1983 10 30 0 600 40.2 -78.25 1733.331861122523 502
1983 10 30 0 600 40.67 -78.23 4226.020414018149 504
1983 10 30 0 600 41.3 -78.48 3297.179353148154 506
1983 10 30 0 600 41.8 -78.63 702.7091920235752 508
1983 10 30 0 600 42.25 -78.8 67.88425403842606 510
1983 10 30 0 600 39.92 -76.75 6188.909431950472 602
1983 10 30 0 600 41.98 -77.57 1327.4101782263851 608
1983 10 30 0 600 43.03 -78.18 2.9771950272684564 614
1983 10 30 0 600 40.78 -74.67 25.93301337710884 703
1983 10 30 0 600 41.02 -75.9 2475.4549267285815 704
1983 10 30 0 600 42.45 -76.45 9.188356628350437 708
1983 10 30 0 600 43.07 -76.83 0.0 710
1983 10 30 0 600 39.93 -74.7 112.74269608267312 802
1983 10 30 0 600 40.9 -74.6 12.248339114012433 804
1983 10 30 0 600 41.63 -74.8 1.433566159270426 806
1983 10 30 0 600 43.23 -75.4 0.0 810
1983 10 30 0 600 40.67 -73.52 0.0 902
1983 10 30 0 600 43.97 -74.1 0.0 910
1983 10 30 0 600 44.8 -75.0 0.0 912
1983 10 30 0 600 41.95 -72.3 0.0 4
1983 10 30 0 600 41.73 -71.43 0.0 102
1983 10 30 0 600 42.7 -71.17 0.0 104
1983 10 30 0 600 44.27 -71.3 0.0 106
1983 10 30 0 600 44.4 -71.18 0.0 107
1983 10 30 0 600 44.93 -72.2 0.0 108
1983 10 30 0 300 40.38 -80.63 0.0 306
1983 10 30 0 300 40.92 -81.43 0.0 310
1983 10 30 0 300 41.42 -81.87 0.0 314
1983 10 30 0 300 41.27 -82.62 0.0 318
1983 10 30 0 300 41.33 -83.12 0.0 320
1983 10 30 0 300 42.67 -81.15 0.0 454
1983 10 30 300 600 41.25 -76.92 17356.104684139096 606
1983 10 30 300 600 40.37 -75.93 8295.366202346795 702
1983 10 30 300 600 40.45 -74.8 157.59832704032678 803
1983 10 30 300 600 41.3 -74.67 9.35815820617306 805
1983 10 30 300 600 42.47 -75.07 0.0 808
1983 10 30 300 600 41.27 -73.8 0.0 904
1983 10 30 300 600 41.1 -72.37 0.0 2
1983 10 30 300 300 42.67 -81.15 0.0 454
1983 10 30 600 600 40.78 -74.67 46.15970975480805 703
1983 10 30 600 600 42.45 -76.45 6.2571295330933125 708
1983 10 30 600 600 43.07 -76.83 0.0 710
1983 10 30 600 600 39.93 -74.7 137.70628477698685 802
1983 10 30 600 600 40.9 -74.6 24.748481104464002 804
1983 10 30 600 600 41.63 -74.8 4.385094618014832 806
1983 10 30 600 600 43.23 -75.4 0.0 810
1983 10 30 600 600 40.67 -73.52 0.0 902
1983 10 30 600 600 43.97 -74.1 0.0 910
1983 10 30 600 600 44.8 -75.0 0.0 912
1983 10 30 600 600 41.95 -72.3 0.0 4
1983 10 30 600 600 41.73 -71.43 0.0 102
1983 10 30 600 600 42.7 -71.17 0.0 104
1983 10 30 600 600 44.27 -71.3 0.0 106
1983 10 30 600 600 44.4 -71.18 0.0 107
1983 10 30 600 600 44.93 -72.2 0.0 108
1983 10 30 600 300 42.67 -81.15 0.0 454
1983 10 30 900 600 40.45 -74.8 48.60682473249175 803
1983 10 30 900 600 41.27 -73.8 0.0 904
1983 10 30 900 600 41.1 -72.37 0.0 2
1983 10 30 900 300 42.67 -81.15 0.0 454
1983 10 30 1200 600 40.78 -74.67 1.5271048673362781 703
1983 10 30 1200 300 42.67 -81.15 0.0 454
1983 10 30 1500 300 42.67 -81.15 0.0 454
1983 10 30 1800 600 40.78 -74.67 4.504569864240988 703
1983 10 30 1800 300 42.67 -81.15 0.0 454
1983 10 30 2100 300 42.67 -81.15 0.0 454
1983 10 31 0 600 40.78 -74.67 81.04438248982242 703
1983 10 31 600 600 40.78 -74.67 685.4488721623384 703
