Yr Mo Da Hr dur Lat Lon Calc Site
1983 10 26 900 600 42.67 -81.15 0.0 454
1983 10 26 900 600 43.52 -79.92 0.0 554
1983 10 26 900 600 43.98 -80.75 0.0 556
1983 10 26 900 600 43.92 -78.67 3.3203709760086104 652
1983 10 26 900 600 44.23 -78.37 678.1164851857236 653
1983 10 26 900 600 44.62 -79.53 15.812955141771491 654
1983 10 26 900 600 43.98 -77.22 63.807675929393675 752
1983 10 26 900 600 44.28 -77.78 503.69023762709344 754
1983 10 26 900 600 44.93 -78.72 8296.96552621596 756
1983 10 26 900 600 44.48 -76.03 0.0 852
1983 10 26 900 600 45.55 -75.52 0.0 952
1983 10 26 900 600 45.98 -74.0 0.0 52
1983 10 26 1200 600 41.83 -75.87 0.0 706
1983 10 26 1200 600 41.27 -73.8 0.0 904
1983 10 26 1500 600 41.2 -79.43 0.0 408
1983 10 26 1500 600 42.08 -80.18 0.0 412
1983 10 26 1500 600 42.67 -81.15 0.0 454
1983 10 26 1500 600 41.8 -78.63 0.0 508
1983 10 26 1500 600 42.25 -78.8 0.0 510
1983 10 26 1500 600 43.52 -79.92 0.0 554
1983 10 26 1500 600 43.98 -80.75 0.0 556
1983 10 26 1500 600 41.98 -77.57 0.0 608
1983 10 26 1500 600 42.42 -77.57 0.0 610
1983 10 26 1500 600 43.03 -78.18 0.0 614
1983 10 26 1500 600 43.92 -78.67 10.428000367719246 652
1983 10 26 1500 600 44.23 -78.37 1583.5992008862463 653
1983 10 26 1500 600 44.62 -79.53 1.5379792404165165 654
1983 10 26 1500 600 42.45 -76.45 0.0 708
1983 10 26 1500 600 43.07 -76.83 3.121376206341908 710
1983 10 26 1500 600 43.98 -77.22 8877.241841648083 752
1983 10 26 1500 600 44.28 -77.78 9926.489910007896 754
1983 10 26 1500 600 44.93 -78.72 4353.009024195449 756
1983 10 26 1500 600 40.9 -74.6 0.0 804
1983 10 26 1500 600 41.3 -74.67 0.0 805
1983 10 26 1500 600 41.63 -74.8 0.0 806
1983 10 26 1500 600 42.08 -74.97 0.0 807
1983 10 26 1500 600 42.92 -75.12 19.530673834898504 809
1983 10 26 1500 600 43.23 -75.4 214.39953113686758 810
1983 10 26 1500 600 44.48 -76.03 0.0 852
1983 10 26 1500 600 43.05 -74.2 1.5699933939171085 908
1983 10 26 1500 600 44.8 -75.0 0.0 912
1983 10 26 1500 600 45.55 -75.52 0.0 952
1983 10 26 1500 600 41.95 -72.3 0.0 4
1983 10 26 1500 600 44.9 -73.8 0.0 10
1983 10 26 1500 600 45.98 -74.0 0.0 52
1983 10 26 1500 600 44.93 -72.2 0.0 108
1983 10 26 1800 600 41.83 -75.87 0.0 706
1983 10 26 1800 600 41.27 -73.8 0.0 904
1983 10 26 2100 600 40.43 -79.15 0.0 404
1983 10 26 2100 600 40.82 -79.53 0.0 406
1983 10 26 2100 600 41.2 -79.43 0.0 408
1983 10 26 2100 600 42.08 -80.18 0.0 412
1983 10 26 2100 600 42.67 -81.15 0.0 454
1983 10 26 2100 600 40.2 -78.25 0.0 502
1983 10 26 2100 600 40.67 -78.23 0.0 504
1983 10 26 2100 600 41.3 -78.48 0.0 506
1983 10 26 2100 600 42.25 -78.8 0.0 510
1983 10 26 2100 600 43.52 -79.92 0.0 554
1983 10 26 2100 600 43.98 -80.75 0.0 556
1983 10 26 2100 600 39.92 -76.75 0.0 602
1983 10 26 2100 600 41.25 -76.92 0.0 606
1983 10 26 2100 600 41.98 -77.57 0.0 608
1983 10 26 2100 600 42.42 -77.57 0.0 610
1983 10 26 2100 600 43.03 -78.18 0.0 614
1983 10 26 2100 600 43.92 -78.67 1.1123614209743273 652
1983 10 26 2100 600 44.23 -78.37 34.540328737789125 653
1983 10 26 2100 600 40.37 -75.93 0.0 702
1983 10 26 2100 600 40.78 -74.67 0.0 703
1983 10 26 2100 600 41.02 -75.9 0.0 704
1983 10 26 2100 600 42.45 -76.45 0.0 708
1983 10 26 2100 600 43.07 -76.83 2.352092604204274 710
1983 10 26 2100 600 43.98 -77.22 1544.9541763028055 752
1983 10 26 2100 600 44.68 -77.15 0.0 753
1983 10 26 2100 600 44.28 -77.78 31.619109572283865 754
1983 10 26 2100 600 44.93 -78.72 0.0 756
1983 10 26 2100 600 39.93 -74.7 0.0 802
1983 10 26 2100 600 40.45 -74.8 0.0 803
1983 10 26 2100 600 40.9 -74.6 0.0 804
1983 10 26 2100 600 41.3 -74.67 0.0 805
1983 10 26 2100 600 41.63 -74.8 0.0 806
1983 10 26 2100 600 42.08 -74.97 0.0 807
1983 10 26 2100 600 42.47 -75.07 5.184548049545562 808
1983 10 26 2100 600 42.92 -75.12 208.05926321765529 809
1983 10 26 2100 600 43.23 -75.4 1472.5792570913363 810
1983 10 26 2100 600 43.58 -75.52 825.515346880596 811
1983 10 26 2100 600 44.48 -76.03 0.0 852
1983 10 26 2100 600 40.67 -73.52 0.0 902
1983 10 26 2100 600 43.05 -74.2 7046.733327908981 908
1983 10 26 2100 600 43.97 -74.1 0.0 910
1983 10 26 2100 600 44.8 -75.0 0.0 912
1983 10 26 2100 600 45.55 -75.52 0.0 952
1983 10 26 2100 600 41.1 -72.37 0.0 2
1983 10 26 2100 600 41.95 -72.3 30.370336869074137 4
1983 10 26 2100 600 44.9 -73.8 0.0 10
1983 10 26 2100 600 45.98 -74.0 0.0 52
1983 10 26 2100 600 41.73 -71.43 0.0 102
1983 10 26 2100 600 42.7 -71.17 3.085791785086256 104
1983 10 26 2100 600 44.27 -71.3 0.0 106
1983 10 26 2100 600 44.4 -71.18 0.0 107
1983 10 26 2100 600 44.93 -72.2 0.0 108
1983 10 27 0 600 41.83 -75.87 0.0 706
1983 10 27 0 600 41.27 -73.8 0.0 904
1983 10 27 300 600 40.43 -79.15 0.0 404
1983 10 27 300 600 40.82 -79.53 0.0 406
1983 10 27 300 600 41.2 -79.43 0.0 408
1983 10 27 300 600 42.08 -80.18 0.0 412
1983 10 27 300 600 42.67 -81.15 0.0 454
1983 10 27 300 600 40.2 -78.25 0.0 502
1983 10 27 300 600 40.67 -78.23 0.0 504
1983 10 27 300 600 41.3 -78.48 0.0 506
1983 10 27 300 600 42.25 -78.8 0.0 510
1983 10 27 300 600 43.52 -79.92 0.0 554
1983 10 27 300 600 43.98 -80.75 0.0 556
1983 10 27 300 600 39.92 -76.75 0.0 602
1983 10 27 300 600 41.25 -76.92 0.0 606
1983 10 27 300 600 41.98 -77.57 0.0 608
1983 10 27 300 600 42.42 -77.57 0.0 610
1983 10 27 300 600 43.03 -78.18 0.0 614
1983 10 27 300 600 43.92 -78.67 0.0 652
1983 10 27 300 600 44.23 -78.37 0.0 653
1983 10 27 300 600 44.62 -79.53 0.0 654
1983 10 27 300 600 40.37 -75.93 0.0 702
1983 10 27 300 600 40.78 -74.67 0.0 703
1983 10 27 300 600 41.02 -75.9 0.0 704
1983 10 27 300 600 42.45 -76.45 0.0 708
1983 10 27 300 600 43.07 -76.83 0.0 710
1983 10 27 300 600 44.68 -77.15 0.0 753
1983 10 27 300 600 44.28 -77.78 0.0 754
1983 10 27 300 600 44.93 -78.72 0.0 756
1983 10 27 300 600 39.93 -74.7 0.0 802
1983 10 27 300 600 40.45 -74.8 0.0 803
1983 10 27 300 600 40.9 -74.6 0.0 804
1983 10 27 300 600 41.3 -74.67 0.0 805
1983 10 27 300 600 41.63 -74.8 5.4005798305189465 806
1983 10 27 300 600 42.08 -74.97 10.009634760700635 807
1983 10 27 300 600 42.47 -75.07 16.499127339452453 808
1983 10 27 300 600 42.92 -75.12 39.40437133169724 809
1983 10 27 300 600 43.23 -75.4 161.69413905950336 810
1983 10 27 300 600 43.58 -75.52 0.0 811
1983 10 27 300 600 44.48 -76.03 0.0 852
1983 10 27 300 600 40.67 -73.52 0.0 902
1983 10 27 300 600 43.05 -74.2 3831.3693377949435 908
1983 10 27 300 600 43.97 -74.1 0.0 910
1983 10 27 300 600 44.8 -75.0 0.0 912
1983 10 27 300 600 45.55 -75.52 0.0 952
1983 10 27 300 600 41.1 -72.37 32.66729065536635 2
1983 10 27 300 600 41.95 -72.3 2245.9345116232475 4
1983 10 27 300 600 45.98 -74.0 0.0 52
1983 10 27 300 600 41.73 -71.43 2548.290301953619 102
1983 10 27 300 600 42.7 -71.17 1370.3647976821758 104
1983 10 27 300 600 44.27 -71.3 0.0 106
1983 10 27 300 600 44.4 -71.18 0.0 107
1983 10 27 300 600 44.93 -72.2 0.0 108
1983 10 27 600 600 41.83 -75.87 0.0 706
1983 10 27 600 600 41.27 -73.8 77.60508022265878 904
1983 10 27 900 600 40.43 -79.15 0.0 404
1983 10 27 900 600 40.82 -79.53 0.0 406
1983 10 27 900 600 41.2 -79.43 0.0 408
1983 10 27 900 600 42.08 -80.18 0.0 412
1983 10 27 900 600 42.67 -81.15 0.0 454
1983 10 27 900 600 40.2 -78.25 0.0 502
1983 10 27 900 600 40.67 -78.23 0.0 504
1983 10 27 900 600 41.3 -78.48 0.0 506
1983 10 27 900 600 42.25 -78.8 0.0 510
1983 10 27 900 600 43.52 -79.92 0.0 554
1983 10 27 900 600 43.98 -80.75 0.0 556
1983 10 27 900 600 39.92 -76.75 0.0 602
1983 10 27 900 600 41.25 -76.92 0.0 606
1983 10 27 900 600 41.98 -77.57 0.0 608
1983 10 27 900 600 42.42 -77.57 0.0 610
1983 10 27 900 600 43.03 -78.18 0.0 614
1983 10 27 900 600 43.92 -78.67 0.0 652
1983 10 27 900 600 44.23 -78.37 0.0 653
1983 10 27 900 600 44.62 -79.53 0.0 654
1983 10 27 900 600 40.37 -75.93 0.0 702
1983 10 27 900 600 40.78 -74.67 0.0 703
1983 10 27 900 600 41.02 -75.9 0.0 704
1983 10 27 900 600 42.45 -76.45 0.0 708
1983 10 27 900 600 43.07 -76.83 0.0 710
1983 10 27 900 600 44.68 -77.15 0.0 753
1983 10 27 900 600 44.28 -77.78 0.0 754
1983 10 27 900 600 44.93 -78.72 0.0 756
1983 10 27 900 600 39.93 -74.7 0.0 802
1983 10 27 900 600 40.45 -74.8 0.0 803
1983 10 27 900 600 40.9 -74.6 1.2078100138609027 804
1983 10 27 900 600 41.3 -74.67 4.1868435321277415 805
1983 10 27 900 600 41.63 -74.8 8.800314358447677 806
1983 10 27 900 600 42.08 -74.97 12.475765378921757 807
1983 10 27 900 600 42.47 -75.07 10.864108310186644 808
1983 10 27 900 600 42.92 -75.12 4.9160348688888975 809
1983 10 27 900 600 43.23 -75.4 0.0 810
1983 10 27 900 600 43.58 -75.52 0.0 811
1983 10 27 900 600 44.48 -76.03 0.0 852
1983 10 27 900 600 40.67 -73.52 38.60884974010046 902
1983 10 27 900 600 43.97 -74.1 0.0 910
1983 10 27 900 600 44.8 -75.0 0.0 912
1983 10 27 900 600 45.55 -75.52 0.0 952
1983 10 27 900 600 41.1 -72.37 1581.4352460932294 2
1983 10 27 900 600 41.95 -72.3 2944.6185303074144 4
1983 10 27 900 600 45.98 -74.0 0.0 52
1983 10 27 900 600 41.73 -71.43 4293.34487397204 102
1983 10 27 900 600 42.7 -71.17 1289.881288156495 104
1983 10 27 900 600 44.27 -71.3 0.0 106
1983 10 27 900 600 44.4 -71.18 0.0 107
1983 10 27 900 600 44.93 -72.2 0.0 108
1983 10 27 1200 600 41.83 -75.87 0.0 706
1983 10 27 1200 600 41.27 -73.8 2.76269829378498 904
1983 10 27 1500 600 40.43 -79.15 0.0 404
1983 10 27 1500 600 40.82 -79.53 0.0 406
1983 10 27 1500 600 41.2 -79.43 0.0 408
1983 10 27 1500 600 42.08 -80.18 0.0 412
1983 10 27 1500 600 42.67 -81.15 0.0 454
1983 10 27 1500 600 40.2 -78.25 0.0 502
1983 10 27 1500 600 40.67 -78.23 0.0 504
1983 10 27 1500 600 41.3 -78.48 0.0 506
1983 10 27 1500 600 42.25 -78.8 0.0 510
1983 10 27 1500 600 43.52 -79.92 0.0 554
1983 10 27 1500 600 43.98 -80.75 0.0 556
1983 10 27 1500 600 39.92 -76.75 0.0 602
1983 10 27 1500 600 41.25 -76.92 0.0 606
1983 10 27 1500 600 41.98 -77.57 0.0 608
1983 10 27 1500 600 42.42 -77.57 0.0 610
1983 10 27 1500 600 43.03 -78.18 0.0 614
1983 10 27 1500 600 43.92 -78.67 0.0 652
1983 10 27 1500 600 44.23 -78.37 0.0 653
1983 10 27 1500 600 44.62 -79.53 0.0 654
1983 10 27 1500 600 40.37 -75.93 0.0 702
1983 10 27 1500 600 40.78 -74.67 0.0 703
1983 10 27 1500 600 41.02 -75.9 0.0 704
1983 10 27 1500 600 42.45 -76.45 0.0 708
1983 10 27 1500 600 43.07 -76.83 0.0 710
1983 10 27 1500 600 44.68 -77.15 0.0 753
1983 10 27 1500 600 44.28 -77.78 0.0 754
1983 10 27 1500 600 44.93 -78.72 0.0 756
1983 10 27 1500 600 39.93 -74.7 0.0 802
1983 10 27 1500 600 40.45 -74.8 0.0 803
1983 10 27 1500 600 40.9 -74.6 0.0 804
1983 10 27 1500 600 41.3 -74.67 0.0 805
1983 10 27 1500 600 41.63 -74.8 0.0 806
1983 10 27 1500 600 42.08 -74.97 0.0 807
1983 10 27 1500 600 42.47 -75.07 0.0 808
1983 10 27 1500 600 42.92 -75.12 0.0 809
1983 10 27 1500 600 43.23 -75.4 0.0 810
1983 10 27 1500 600 43.58 -75.52 0.0 811
1983 10 27 1500 600 44.48 -76.03 0.0 852
1983 10 27 1500 600 40.67 -73.52 0.0 902
1983 10 27 1500 600 43.05 -74.2 0.0 908
1983 10 27 1500 600 43.97 -74.1 0.0 910
1983 10 27 1500 600 44.8 -75.0 0.0 912
1983 10 27 1500 600 45.55 -75.52 0.0 952
1983 10 27 1500 600 41.1 -72.37 57.67490381289939 2
1983 10 27 1500 600 41.95 -72.3 37.869754500984314 4
1983 10 27 1500 600 41.73 -71.43 172.6618493238784 102
1983 10 27 1500 600 42.7 -71.17 1.2674410532147928 104
1983 10 27 1500 600 44.27 -71.3 0.0 106
1983 10 27 1500 600 44.4 -71.18 0.0 107
1983 10 27 1500 600 44.93 -72.2 0.0 108
1983 10 27 1800 600 41.83 -75.87 0.0 706
1983 10 27 1800 600 41.27 -73.8 0.0 904
1983 10 27 2100 600 40.43 -79.15 0.0 404
1983 10 27 2100 600 40.82 -79.53 0.0 406
1983 10 27 2100 600 41.2 -79.43 0.0 408
1983 10 27 2100 600 42.08 -80.18 0.0 412
1983 10 27 2100 600 40.2 -78.25 0.0 502
1983 10 27 2100 600 40.67 -78.23 0.0 504
1983 10 27 2100 600 41.3 -78.48 0.0 506
1983 10 27 2100 600 42.25 -78.8 0.0 510
1983 10 27 2100 600 39.92 -76.75 0.0 602
1983 10 27 2100 600 41.25 -76.92 0.0 606
1983 10 27 2100 600 41.98 -77.57 0.0 608
1983 10 27 2100 600 42.42 -77.57 0.0 610
1983 10 27 2100 600 43.03 -78.18 0.0 614
1983 10 27 2100 600 40.37 -75.93 0.0 702
1983 10 27 2100 600 40.78 -74.67 0.0 703
1983 10 27 2100 600 41.02 -75.9 0.0 704
1983 10 27 2100 600 42.45 -76.45 0.0 708
1983 10 27 2100 600 43.07 -76.83 0.0 710
1983 10 27 2100 600 39.93 -74.7 0.0 802
1983 10 27 2100 600 40.45 -74.8 0.0 803
1983 10 27 2100 600 40.9 -74.6 0.0 804
1983 10 27 2100 600 41.3 -74.67 0.0 805
1983 10 27 2100 600 41.63 -74.8 0.0 806
1983 10 27 2100 600 42.08 -74.97 0.0 807
1983 10 27 2100 600 42.47 -75.07 0.0 808
1983 10 27 2100 600 42.92 -75.12 0.0 809
1983 10 27 2100 600 43.58 -75.52 0.0 811
1983 10 27 2100 600 40.67 -73.52 0.0 902
1983 10 27 2100 600 43.05 -74.2 0.0 908
1983 10 27 2100 600 43.97 -74.1 0.0 910
1983 10 27 2100 600 44.8 -75.0 0.0 912
1983 10 27 2100 600 41.1 -72.37 0.0 2
1983 10 27 2100 600 41.95 -72.3 0.0 4
1983 10 27 2100 600 41.73 -71.43 0.0 102
1983 10 27 2100 600 42.7 -71.17 0.0 104
1983 10 27 2100 600 44.27 -71.3 0.0 106
1983 10 27 2100 600 44.4 -71.18 0.0 107
1983 10 27 2100 600 44.93 -72.2 0.0 108
1983 10 28 300 600 40.43 -79.15 0.0 404
1983 10 28 300 600 40.82 -79.53 0.0 406
1983 10 28 300 600 40.2 -78.25 0.0 502
1983 10 28 300 600 40.67 -78.23 0.0 504
1983 10 28 300 600 41.3 -78.48 0.0 506
1983 10 28 300 600 39.92 -76.75 0.0 602
1983 10 28 300 600 41.25 -76.92 0.0 606
1983 10 28 300 600 40.37 -75.93 0.0 702
1983 10 28 300 600 40.78 -74.67 0.0 703
1983 10 28 300 600 41.02 -75.9 0.0 704
1983 10 28 300 600 39.93 -74.7 0.0 802
1983 10 28 300 600 40.45 -74.8 0.0 803
1983 10 28 300 600 42.47 -75.07 0.0 808
1983 10 28 300 600 43.23 -75.4 0.0 810
1983 10 28 300 600 40.67 -73.52 0.0 902
1983 10 28 300 600 43.97 -74.1 0.0 910
1983 10 28 300 600 41.1 -72.37 0.0 2
1983 10 28 300 600 41.73 -71.43 0.0 102
1983 10 28 300 600 42.7 -71.17 0.0 104
1983 10 28 300 600 44.27 -71.3 0.0 106
1983 10 28 300 600 44.4 -71.18 0.0 107
