Yr Mo Da Hr dur Lat Lon Calc Site
1983 10 26 900 600 42.67 -81.15 0.0 454
1983 10 26 900 600 43.52 -79.92 0.0 554
1983 10 26 900 600 43.98 -80.75 0.0 556
1983 10 26 900 600 43.92 -78.67 20.0005290036866 652
1983 10 26 900 600 44.23 -78.37 802.3127664213924 653
1983 10 26 900 600 44.62 -79.53 24.718673599237395 654
1983 10 26 900 600 43.98 -77.22 45.60457576622859 752
1983 10 26 900 600 44.28 -77.78 827.5981123424042 754
1983 10 26 900 600 44.93 -78.72 9668.889276806656 756
1983 10 26 900 600 44.48 -76.03 0.0 852
1983 10 26 900 600 45.55 -75.52 0.0 952
1983 10 26 900 600 45.98 -74.0 0.0 52
1983 10 26 1200 600 41.83 -75.87 0.0 706
1983 10 26 1200 600 41.27 -73.8 0.0 904
1983 10 26 1500 600 41.2 -79.43 0.0 408
1983 10 26 1500 600 42.08 -80.18 0.0 412
1983 10 26 1500 600 42.67 -81.15 0.0 454
1983 10 26 1500 600 41.8 -78.63 0.0 508
1983 10 26 1500 600 42.25 -78.8 0.0 510
1983 10 26 1500 600 43.52 -79.92 0.0 554
1983 10 26 1500 600 43.98 -80.75 0.0 556
1983 10 26 1500 600 41.98 -77.57 0.0 608
1983 10 26 1500 600 42.42 -77.57 0.0 610
1983 10 26 1500 600 43.03 -78.18 0.0 614
1983 10 26 1500 600 43.92 -78.67 8.311153334200844 652
1983 10 26 1500 600 44.23 -78.37 1739.0058192718714 653
1983 10 26 1500 600 44.62 -79.53 0.0 654
1983 10 26 1500 600 42.45 -76.45 0.0 708
1983 10 26 1500 600 43.07 -76.83 7.197398846099704 710
1983 10 26 1500 600 43.98 -77.22 8432.690982689848 752
1983 10 26 1500 600 44.28 -77.78 9668.655624819341 754
1983 10 26 1500 600 44.93 -78.72 3870.8855251138407 756
1983 10 26 1500 600 40.9 -74.6 0.0 804
1983 10 26 1500 600 41.3 -74.67 0.0 805
1983 10 26 1500 600 41.63 -74.8 0.0 806
1983 10 26 1500 600 42.08 -74.97 0.0 807
1983 10 26 1500 600 42.92 -75.12 8.951778391087387 809
1983 10 26 1500 600 43.23 -75.4 136.00510150099595 810
1983 10 26 1500 600 44.48 -76.03 0.0 852
1983 10 26 1500 600 43.05 -74.2 2.144379685597547 908
1983 10 26 1500 600 44.8 -75.0 0.0 912
1983 10 26 1500 600 45.55 -75.52 0.0 952
1983 10 26 1500 600 41.95 -72.3 0.0 4
1983 10 26 1500 600 44.9 -73.8 0.0 10
1983 10 26 1500 600 45.98 -74.0 0.0 52
1983 10 26 1500 600 44.93 -72.2 0.0 108
1983 10 26 1800 600 41.83 -75.87 0.0 706
1983 10 26 1800 600 41.27 -73.8 0.0 904
1983 10 26 2100 600 40.43 -79.15 0.0 404
1983 10 26 2100 600 40.82 -79.53 0.0 406
1983 10 26 2100 600 41.2 -79.43 0.0 408
1983 10 26 2100 600 42.08 -80.18 0.0 412
1983 10 26 2100 600 42.67 -81.15 0.0 454
1983 10 26 2100 600 40.2 -78.25 0.0 502
1983 10 26 2100 600 40.67 -78.23 0.0 504
1983 10 26 2100 600 41.3 -78.48 0.0 506
1983 10 26 2100 600 42.25 -78.8 0.0 510
1983 10 26 2100 600 43.52 -79.92 0.0 554
1983 10 26 2100 600 43.98 -80.75 0.0 556
1983 10 26 2100 600 39.92 -76.75 0.0 602
1983 10 26 2100 600 41.25 -76.92 0.0 606
1983 10 26 2100 600 41.98 -77.57 0.0 608
1983 10 26 2100 600 42.42 -77.57 0.0 610
1983 10 26 2100 600 43.03 -78.18 0.0 614
1983 10 26 2100 600 43.92 -78.67 0.0 652
1983 10 26 2100 600 44.23 -78.37 7.71342230726114 653
1983 10 26 2100 600 40.37 -75.93 0.0 702
1983 10 26 2100 600 40.78 -74.67 0.0 703
1983 10 26 2100 600 41.02 -75.9 0.0 704
1983 10 26 2100 600 42.45 -76.45 0.0 708
1983 10 26 2100 600 43.07 -76.83 9.735783773687873 710
1983 10 26 2100 600 43.98 -77.22 851.0411922644796 752
1983 10 26 2100 600 44.68 -77.15 0.0 753
1983 10 26 2100 600 44.28 -77.78 90.99154620521341 754
1983 10 26 2100 600 44.93 -78.72 0.0 756
1983 10 26 2100 600 39.93 -74.7 0.0 802
1983 10 26 2100 600 40.45 -74.8 0.0 803
1983 10 26 2100 600 40.9 -74.6 0.0 804
1983 10 26 2100 600 41.3 -74.67 0.0 805
1983 10 26 2100 600 41.63 -74.8 0.0 806
1983 10 26 2100 600 42.08 -74.97 0.0 807
1983 10 26 2100 600 42.47 -75.07 8.122976993592973 808
1983 10 26 2100 600 42.92 -75.12 139.85250085662835 809
1983 10 26 2100 600 43.23 -75.4 1318.037036274797 810
1983 10 26 2100 600 43.58 -75.52 857.3017358104285 811
1983 10 26 2100 600 44.48 -76.03 0.0 852
1983 10 26 2100 600 40.67 -73.52 0.0 902
1983 10 26 2100 600 43.05 -74.2 12373.050630477766 908
1983 10 26 2100 600 43.97 -74.1 0.0 910
1983 10 26 2100 600 44.8 -75.0 0.0 912
1983 10 26 2100 600 45.55 -75.52 0.0 952
1983 10 26 2100 600 41.1 -72.37 0.0 2
1983 10 26 2100 600 41.95 -72.3 20.340412156318763 4
1983 10 26 2100 600 44.9 -73.8 0.0 10
1983 10 26 2100 600 45.98 -74.0 0.0 52
1983 10 26 2100 600 41.73 -71.43 0.0 102
1983 10 26 2100 600 42.7 -71.17 0.0 104
1983 10 26 2100 600 44.27 -71.3 0.0 106
1983 10 26 2100 600 44.4 -71.18 0.0 107
1983 10 26 2100 600 44.93 -72.2 0.0 108
1983 10 27 0 600 41.83 -75.87 0.0 706
1983 10 27 0 600 41.27 -73.8 3.9298319764399943 904
1983 10 27 300 600 40.43 -79.15 0.0 404
1983 10 27 300 600 40.82 -79.53 0.0 406
1983 10 27 300 600 41.2 -79.43 0.0 408
1983 10 27 300 600 42.08 -80.18 0.0 412
1983 10 27 300 600 42.67 -81.15 0.0 454
1983 10 27 300 600 40.2 -78.25 0.0 502
1983 10 27 300 600 40.67 -78.23 0.0 504
1983 10 27 300 600 41.3 -78.48 0.0 506
1983 10 27 300 600 42.25 -78.8 0.0 510
1983 10 27 300 600 43.52 -79.92 0.0 554
1983 10 27 300 600 43.98 -80.75 0.0 556
1983 10 27 300 600 39.92 -76.75 0.0 602
1983 10 27 300 600 41.25 -76.92 0.0 606
1983 10 27 300 600 41.98 -77.57 0.0 608
1983 10 27 300 600 42.42 -77.57 0.0 610
1983 10 27 300 600 43.03 -78.18 0.0 614
1983 10 27 300 600 43.92 -78.67 0.0 652
1983 10 27 300 600 44.23 -78.37 0.0 653
1983 10 27 300 600 44.62 -79.53 0.0 654
1983 10 27 300 600 40.37 -75.93 0.0 702
1983 10 27 300 600 40.78 -74.67 0.0 703
1983 10 27 300 600 41.02 -75.9 0.0 704
1983 10 27 300 600 42.45 -76.45 0.0 708
1983 10 27 300 600 43.07 -76.83 0.0 710
1983 10 27 300 600 44.68 -77.15 0.0 753
1983 10 27 300 600 44.28 -77.78 0.0 754
1983 10 27 300 600 44.93 -78.72 0.0 756
1983 10 27 300 600 39.93 -74.7 0.0 802
1983 10 27 300 600 40.45 -74.8 0.0 803
1983 10 27 300 600 40.9 -74.6 0.0 804
1983 10 27 300 600 41.3 -74.67 4.598245389171874 805
1983 10 27 300 600 41.63 -74.8 6.179105911216637 806
1983 10 27 300 600 42.08 -74.97 1.7027021989483793 807
1983 10 27 300 600 42.47 -75.07 10.716072925663962 808
1983 10 27 300 600 42.92 -75.12 165.97711003521027 809
1983 10 27 300 600 43.23 -75.4 98.65709126743462 810
1983 10 27 300 600 43.58 -75.52 5.006049621728112 811
1983 10 27 300 600 44.48 -76.03 0.0 852
1983 10 27 300 600 40.67 -73.52 0.0 902
1983 10 27 300 600 43.05 -74.2 12228.677511247628 908
1983 10 27 300 600 43.97 -74.1 0.0 910
1983 10 27 300 600 44.8 -75.0 0.0 912
1983 10 27 300 600 45.55 -75.52 0.0 952
1983 10 27 300 600 41.1 -72.37 43.17402441645616 2
1983 10 27 300 600 41.95 -72.3 1649.982667150068 4
1983 10 27 300 600 45.98 -74.0 0.0 52
1983 10 27 300 600 41.73 -71.43 1462.1668375106813 102
1983 10 27 300 600 42.7 -71.17 1405.6691818306645 104
1983 10 27 300 600 44.27 -71.3 0.0 106
1983 10 27 300 600 44.4 -71.18 0.0 107
1983 10 27 300 600 44.93 -72.2 0.0 108
1983 10 27 600 600 41.83 -75.87 0.0 706
1983 10 27 600 600 41.27 -73.8 153.22152017089792 904
1983 10 27 900 600 40.43 -79.15 0.0 404
1983 10 27 900 600 40.82 -79.53 0.0 406
1983 10 27 900 600 41.2 -79.43 0.0 408
1983 10 27 900 600 42.08 -80.18 0.0 412
1983 10 27 900 600 42.67 -81.15 0.0 454
1983 10 27 900 600 40.2 -78.25 0.0 502
1983 10 27 900 600 40.67 -78.23 0.0 504
1983 10 27 900 600 41.3 -78.48 0.0 506
1983 10 27 900 600 42.25 -78.8 0.0 510
1983 10 27 900 600 43.52 -79.92 0.0 554
1983 10 27 900 600 43.98 -80.75 0.0 556
1983 10 27 900 600 39.92 -76.75 0.0 602
1983 10 27 900 600 41.25 -76.92 0.0 606
1983 10 27 900 600 41.98 -77.57 0.0 608
1983 10 27 900 600 42.42 -77.57 0.0 610
1983 10 27 900 600 43.03 -78.18 0.0 614
1983 10 27 900 600 43.92 -78.67 0.0 652
1983 10 27 900 600 44.23 -78.37 0.0 653
1983 10 27 900 600 44.62 -79.53 0.0 654
1983 10 27 900 600 40.37 -75.93 0.0 702
1983 10 27 900 600 40.78 -74.67 0.0 703
1983 10 27 900 600 41.02 -75.9 0.0 704
1983 10 27 900 600 42.45 -76.45 0.0 708
1983 10 27 900 600 43.07 -76.83 0.0 710
1983 10 27 900 600 44.68 -77.15 0.0 753
1983 10 27 900 600 44.28 -77.78 0.0 754
1983 10 27 900 600 44.93 -78.72 0.0 756
1983 10 27 900 600 39.93 -74.7 0.0 802
1983 10 27 900 600 40.45 -74.8 0.0 803
1983 10 27 900 600 40.9 -74.6 0.0 804
1983 10 27 900 600 41.3 -74.67 4.581725988221189 805
1983 10 27 900 600 41.63 -74.8 4.269139931327858 806
1983 10 27 900 600 42.08 -74.97 1.670886567353237 807
1983 10 27 900 600 42.47 -75.07 0.0 808
1983 10 27 900 600 42.92 -75.12 0.0 809
1983 10 27 900 600 43.23 -75.4 0.0 810
1983 10 27 900 600 43.58 -75.52 0.0 811
1983 10 27 900 600 44.48 -76.03 0.0 852
1983 10 27 900 600 40.67 -73.52 28.52820447411168 902
1983 10 27 900 600 43.97 -74.1 0.0 910
1983 10 27 900 600 44.8 -75.0 0.0 912
1983 10 27 900 600 45.55 -75.52 0.0 952
1983 10 27 900 600 41.1 -72.37 1154.8067843086037 2
1983 10 27 900 600 41.95 -72.3 3764.4331031230386 4
1983 10 27 900 600 45.98 -74.0 0.0 52
1983 10 27 900 600 41.73 -71.43 5336.4059675900635 102
1983 10 27 900 600 42.7 -71.17 2014.2827712287126 104
1983 10 27 900 600 44.27 -71.3 0.0 106
1983 10 27 900 600 44.4 -71.18 0.0 107
1983 10 27 900 600 44.93 -72.2 0.0 108
1983 10 27 1200 600 41.83 -75.87 0.0 706
1983 10 27 1200 600 41.27 -73.8 38.77222326111313 904
1983 10 27 1500 600 40.43 -79.15 0.0 404
1983 10 27 1500 600 40.82 -79.53 0.0 406
1983 10 27 1500 600 41.2 -79.43 0.0 408
1983 10 27 1500 600 42.08 -80.18 0.0 412
1983 10 27 1500 600 42.67 -81.15 0.0 454
1983 10 27 1500 600 40.2 -78.25 0.0 502
1983 10 27 1500 600 40.67 -78.23 0.0 504
1983 10 27 1500 600 41.3 -78.48 0.0 506
1983 10 27 1500 600 42.25 -78.8 0.0 510
1983 10 27 1500 600 43.52 -79.92 0.0 554
1983 10 27 1500 600 43.98 -80.75 0.0 556
1983 10 27 1500 600 39.92 -76.75 0.0 602
1983 10 27 1500 600 41.25 -76.92 0.0 606
1983 10 27 1500 600 41.98 -77.57 0.0 608
1983 10 27 1500 600 42.42 -77.57 0.0 610
1983 10 27 1500 600 43.03 -78.18 0.0 614
1983 10 27 1500 600 43.92 -78.67 0.0 652
1983 10 27 1500 600 44.23 -78.37 0.0 653
1983 10 27 1500 600 44.62 -79.53 0.0 654
1983 10 27 1500 600 40.37 -75.93 0.0 702
1983 10 27 1500 600 40.78 -74.67 0.0 703
1983 10 27 1500 600 41.02 -75.9 0.0 704
1983 10 27 1500 600 42.45 -76.45 0.0 708
1983 10 27 1500 600 43.07 -76.83 0.0 710
1983 10 27 1500 600 44.68 -77.15 0.0 753
1983 10 27 1500 600 44.28 -77.78 0.0 754
1983 10 27 1500 600 44.93 -78.72 0.0 756
1983 10 27 1500 600 39.93 -74.7 0.0 802
1983 10 27 1500 600 40.45 -74.8 0.0 803
1983 10 27 1500 600 40.9 -74.6 0.0 804
1983 10 27 1500 600 41.3 -74.67 0.0 805
1983 10 27 1500 600 41.63 -74.8 0.0 806
1983 10 27 1500 600 42.08 -74.97 0.0 807
1983 10 27 1500 600 42.47 -75.07 0.0 808
1983 10 27 1500 600 42.92 -75.12 0.0 809
1983 10 27 1500 600 43.23 -75.4 0.0 810
1983 10 27 1500 600 43.58 -75.52 0.0 811
1983 10 27 1500 600 44.48 -76.03 0.0 852
1983 10 27 1500 600 40.67 -73.52 0.0 902
1983 10 27 1500 600 43.05 -74.2 0.0 908
1983 10 27 1500 600 43.97 -74.1 0.0 910
1983 10 27 1500 600 44.8 -75.0 0.0 912
1983 10 27 1500 600 45.55 -75.52 0.0 952
1983 10 27 1500 600 41.1 -72.37 54.32554893742126 2
1983 10 27 1500 600 41.95 -72.3 22.29658966268825 4
1983 10 27 1500 600 41.73 -71.43 166.196308270977 102
1983 10 27 1500 600 42.7 -71.17 4.116012712329848 104
1983 10 27 1500 600 44.27 -71.3 0.0 106
1983 10 27 1500 600 44.4 -71.18 0.0 107
1983 10 27 1500 600 44.93 -72.2 0.0 108
1983 10 27 1800 600 41.83 -75.87 0.0 706
1983 10 27 1800 600 41.27 -73.8 0.0 904
1983 10 27 2100 600 40.43 -79.15 0.0 404
1983 10 27 2100 600 40.82 -79.53 0.0 406
1983 10 27 2100 600 41.2 -79.43 0.0 408
1983 10 27 2100 600 42.08 -80.18 0.0 412
1983 10 27 2100 600 40.2 -78.25 0.0 502
1983 10 27 2100 600 40.67 -78.23 0.0 504
1983 10 27 2100 600 41.3 -78.48 0.0 506
1983 10 27 2100 600 42.25 -78.8 0.0 510
1983 10 27 2100 600 39.92 -76.75 0.0 602
1983 10 27 2100 600 41.25 -76.92 0.0 606
1983 10 27 2100 600 41.98 -77.57 0.0 608
1983 10 27 2100 600 42.42 -77.57 0.0 610
1983 10 27 2100 600 43.03 -78.18 0.0 614
1983 10 27 2100 600 40.37 -75.93 0.0 702
1983 10 27 2100 600 40.78 -74.67 0.0 703
1983 10 27 2100 600 41.02 -75.9 0.0 704
1983 10 27 2100 600 42.45 -76.45 0.0 708
1983 10 27 2100 600 43.07 -76.83 0.0 710
1983 10 27 2100 600 39.93 -74.7 0.0 802
1983 10 27 2100 600 40.45 -74.8 0.0 803
1983 10 27 2100 600 40.9 -74.6 0.0 804
1983 10 27 2100 600 41.3 -74.67 0.0 805
1983 10 27 2100 600 41.63 -74.8 0.0 806
1983 10 27 2100 600 42.08 -74.97 0.0 807
1983 10 27 2100 600 42.47 -75.07 0.0 808
1983 10 27 2100 600 42.92 -75.12 0.0 809
1983 10 27 2100 600 43.58 -75.52 0.0 811
1983 10 27 2100 600 40.67 -73.52 0.0 902
1983 10 27 2100 600 43.05 -74.2 0.0 908
1983 10 27 2100 600 43.97 -74.1 0.0 910
1983 10 27 2100 600 44.8 -75.0 0.0 912
1983 10 27 2100 600 41.1 -72.37 0.0 2
1983 10 27 2100 600 41.95 -72.3 0.0 4
1983 10 27 2100 600 41.73 -71.43 0.0 102
1983 10 27 2100 600 42.7 -71.17 0.0 104
1983 10 27 2100 600 44.27 -71.3 0.0 106
1983 10 27 2100 600 44.4 -71.18 0.0 107
1983 10 27 2100 600 44.93 -72.2 0.0 108
1983 10 28 300 600 40.43 -79.15 0.0 404
1983 10 28 300 600 40.82 -79.53 0.0 406
1983 10 28 300 600 40.2 -78.25 0.0 502
1983 10 28 300 600 40.67 -78.23 0.0 504
1983 10 28 300 600 41.3 -78.48 0.0 506
1983 10 28 300 600 39.92 -76.75 0.0 602
1983 10 28 300 600 41.25 -76.92 0.0 606
1983 10 28 300 600 40.37 -75.93 0.0 702
1983 10 28 300 600 40.78 -74.67 0.0 703
1983 10 28 300 600 41.02 -75.9 0.0 704
1983 10 28 300 600 39.93 -74.7 0.0 802
1983 10 28 300 600 40.45 -74.8 0.0 803
1983 10 28 300 600 42.47 -75.07 0.0 808
1983 10 28 300 600 43.23 -75.4 0.0 810
1983 10 28 300 600 40.67 -73.52 0.0 902
1983 10 28 300 600 43.97 -74.1 0.0 910
1983 10 28 300 600 41.1 -72.37 0.0 2
1983 10 28 300 600 41.73 -71.43 0.0 102
1983 10 28 300 600 42.7 -71.17 0.0 104
1983 10 28 300 600 44.27 -71.3 0.0 106
1983 10 28 300 600 44.4 -71.18 0.0 107
