Yr Mo Da Hr dur Lat Lon Calc Site
1983 10 29 600 600 40.78 -74.67 0.0 703
1983 10 29 600 600 41.02 -75.9 0.0 704
1983 10 29 600 600 41.83 -75.87 0.0 706
1983 10 29 600 600 42.45 -76.45 0.0 708
1983 10 29 600 600 39.93 -74.7 0.0 802
1983 10 29 600 600 40.9 -74.6 0.0 804
1983 10 29 600 600 41.63 -74.8 0.0 806
1983 10 29 600 600 42.08 -74.97 0.0 807
1983 10 29 600 600 43.23 -75.4 0.0 810
1983 10 29 600 600 40.67 -73.52 0.0 902
1983 10 29 600 600 43.05 -74.2 0.0 908
1983 10 29 600 600 43.97 -74.1 0.0 910
1983 10 29 600 600 44.8 -75.0 0.0 912
1983 10 29 600 600 41.95 -72.3 0.0 4
1983 10 29 600 600 41.73 -71.43 0.0 102
1983 10 29 600 600 42.7 -71.17 0.0 104
1983 10 29 600 600 44.27 -71.3 0.0 106
1983 10 29 600 600 44.4 -71.18 0.0 107
1983 10 29 600 600 44.93 -72.2 0.0 108
1983 10 29 600 600 40.2 -78.25 0.0 502
1983 10 29 600 600 40.67 -78.23 0.0 504
1983 10 29 600 600 41.3 -78.48 0.0 506
1983 10 29 600 600 41.8 -78.63 0.0 508
1983 10 29 600 600 42.25 -78.8 0.0 510
1983 10 29 600 600 39.92 -76.75 0.0 602
1983 10 29 600 600 41.98 -77.57 0.0 608
1983 10 29 600 600 43.03 -78.18 0.0 614
1983 10 29 600 600 40.78 -74.67 0.0 703
1983 10 29 600 600 41.02 -75.9 0.0 704
1983 10 29 600 600 41.83 -75.87 0.0 706
1983 10 29 600 600 42.45 -76.45 0.0 708
1983 10 29 600 600 39.93 -74.7 0.0 802
1983 10 29 600 600 40.9 -74.6 0.0 804
1983 10 29 600 600 41.63 -74.8 0.0 806
1983 10 29 600 600 42.08 -74.97 0.0 807
1983 10 29 600 600 43.23 -75.4 0.0 810
1983 10 29 600 600 40.67 -73.52 0.0 902
1983 10 29 600 600 43.05 -74.2 0.0 908
1983 10 29 600 600 43.97 -74.1 0.0 910
1983 10 29 600 600 44.8 -75.0 0.0 912
1983 10 29 600 600 41.95 -72.3 0.0 4
1983 10 29 600 600 41.73 -71.43 0.0 102
1983 10 29 600 600 42.7 -71.17 0.0 104
1983 10 29 600 600 44.27 -71.3 0.0 106
1983 10 29 600 600 44.4 -71.18 0.0 107
1983 10 29 600 600 44.93 -72.2 0.0 108
1983 10 29 600 300 40.38 -80.63 0.0 306
1983 10 29 600 300 40.77 -80.75 0.0 308
1983 10 29 600 300 40.92 -81.43 0.0 310
1983 10 29 600 300 41.3 -81.15 0.0 312
1983 10 29 600 300 41.42 -81.87 0.0 314
1983 10 29 600 300 41.27 -82.62 0.0 318
1983 10 29 600 300 41.33 -83.12 0.0 320
1983 10 29 600 300 40.43 -79.15 0.0 404
1983 10 29 600 300 42.08 -80.18 0.0 412
1983 10 29 600 300 42.67 -81.15 0.0 454
1983 10 29 600 300 42.7 -82.35 0.0 456
1983 10 29 600 300 43.52 -79.92 0.0 554
1983 10 29 600 300 43.98 -80.75 0.0 556
1983 10 29 600 300 43.92 -78.67 0.0 652
1983 10 29 600 300 44.23 -78.37 0.0 653
1983 10 29 600 300 44.62 -79.53 0.0 654
1983 10 29 600 300 44.68 -77.15 0.0 753
1983 10 29 600 300 44.28 -77.78 0.0 754
1983 10 29 600 300 44.48 -76.03 0.0 852
1983 10 29 600 300 45.55 -75.52 0.0 952
1983 10 29 600 300 45.98 -74.0 0.0 52
1983 10 29 900 600 41.27 -73.8 0.0 904
1983 10 29 900 600 41.1 -72.37 0.0 2
1983 10 29 900 600 41.25 -76.92 0.0 606
1983 10 29 900 600 40.37 -75.93 0.0 702
1983 10 29 900 600 40.45 -74.8 0.0 803
1983 10 29 900 600 41.3 -74.67 0.0 805
1983 10 29 900 600 42.47 -75.07 0.0 808
1983 10 29 900 600 41.27 -73.8 0.0 904
1983 10 29 900 600 41.1 -72.37 0.0 2
1983 10 29 900 300 40.38 -80.63 0.0 306
1983 10 29 900 300 40.77 -80.75 0.0 308
1983 10 29 900 300 40.92 -81.43 0.0 310
1983 10 29 900 300 41.42 -81.87 0.0 314
1983 10 29 900 300 41.27 -82.62 0.0 318
1983 10 29 900 300 40.43 -79.15 0.0 404
1983 10 29 900 300 42.08 -80.18 0.0 412
1983 10 29 900 300 42.67 -81.15 0.0 454
1983 10 29 900 300 42.7 -82.35 0.0 456
1983 10 29 900 300 43.52 -79.92 0.0 554
1983 10 29 900 300 43.98 -80.75 0.0 556
1983 10 29 900 300 43.92 -78.67 0.0 652
1983 10 29 900 300 44.23 -78.37 0.0 653
1983 10 29 900 300 44.62 -79.53 980.1837687558713 654
1983 10 29 900 300 44.68 -77.15 0.0 753
1983 10 29 900 300 44.28 -77.78 0.0 754
1983 10 29 900 300 44.48 -76.03 0.0 852
1983 10 29 900 300 45.55 -75.52 0.0 952
1983 10 29 900 300 45.98 -74.0 0.0 52
1983 10 29 1200 600 40.2 -78.25 0.0 502
1983 10 29 1200 600 40.67 -78.23 0.0 504
1983 10 29 1200 600 41.3 -78.48 0.0 506
1983 10 29 1200 600 41.8 -78.63 1.0043810937419781 508
1983 10 29 1200 600 42.25 -78.8 20.94377605150538 510
1983 10 29 1200 600 39.92 -76.75 0.0 602
1983 10 29 1200 600 41.98 -77.57 15.380187381768405 608
1983 10 29 1200 600 43.03 -78.18 553.395075911873 614
1983 10 29 1200 600 40.78 -74.67 0.0 703
1983 10 29 1200 600 41.02 -75.9 0.0 704
1983 10 29 1200 600 41.83 -75.87 0.0 706
1983 10 29 1200 600 42.45 -76.45 1.0895447198206902 708
1983 10 29 1200 600 43.07 -76.83 1.8763743411133988 710
1983 10 29 1200 600 39.93 -74.7 0.0 802
1983 10 29 1200 600 40.9 -74.6 0.0 804
1983 10 29 1200 600 41.63 -74.8 0.0 806
1983 10 29 1200 600 43.23 -75.4 0.0 810
1983 10 29 1200 600 40.67 -73.52 0.0 902
1983 10 29 1200 600 43.05 -74.2 0.0 908
1983 10 29 1200 600 43.97 -74.1 0.0 910
1983 10 29 1200 600 44.8 -75.0 0.0 912
1983 10 29 1200 600 41.95 -72.3 0.0 4
1983 10 29 1200 600 41.73 -71.43 0.0 102
1983 10 29 1200 600 42.7 -71.17 0.0 104
1983 10 29 1200 600 44.27 -71.3 0.0 106
1983 10 29 1200 600 44.4 -71.18 0.0 107
1983 10 29 1200 600 44.93 -72.2 0.0 108
1983 10 29 1200 300 40.38 -80.63 0.0 306
1983 10 29 1200 300 40.92 -81.43 0.0 310
1983 10 29 1200 300 41.42 -81.87 0.0 314
1983 10 29 1200 300 41.27 -82.62 0.0 318
1983 10 29 1200 300 41.33 -83.12 0.0 320
1983 10 29 1200 300 42.08 -80.18 0.0 412
1983 10 29 1200 300 42.67 -81.15 0.0 454
1983 10 29 1200 300 42.7 -82.35 0.0 456
1983 10 29 1200 300 43.18 -79.4 129.97442744819406 552
1983 10 29 1200 300 43.52 -79.92 152.77866362059535 554
1983 10 29 1200 300 43.98 -80.75 0.0 556
1983 10 29 1200 300 43.92 -78.67 802.785626404546 652
1983 10 29 1200 300 44.23 -78.37 94.40552384345392 653
1983 10 29 1200 300 44.62 -79.53 6325.751733414027 654
1983 10 29 1200 300 44.68 -77.15 0.0 753
1983 10 29 1200 300 44.28 -77.78 0.0 754
1983 10 29 1200 300 44.48 -76.03 0.0 852
1983 10 29 1200 300 45.55 -75.52 0.0 952
1983 10 29 1200 300 45.98 -74.0 0.0 52
1983 10 29 1500 600 41.25 -76.92 65.53451058145453 606
1983 10 29 1500 600 40.37 -75.93 0.0 702
1983 10 29 1500 600 40.45 -74.8 0.0 803
1983 10 29 1500 600 41.3 -74.67 0.0 805
1983 10 29 1500 600 41.27 -73.8 0.0 904
1983 10 29 1500 600 41.1 -72.37 0.0 2
1983 10 29 1500 300 40.38 -80.63 0.0 306
1983 10 29 1500 300 40.92 -81.43 0.0 310
1983 10 29 1500 300 41.42 -81.87 0.0 314
1983 10 29 1500 300 41.27 -82.62 0.0 318
1983 10 29 1500 300 41.33 -83.12 0.0 320
1983 10 29 1500 300 42.67 -81.15 0.0 454
1983 10 29 1500 300 43.18 -79.4 1690.380953224556 552
1983 10 29 1500 300 43.52 -79.92 480.80657023265775 554
1983 10 29 1500 300 43.98 -80.75 1.306488579230437 556
1983 10 29 1500 300 43.92 -78.67 1688.0532176399577 652
1983 10 29 1500 300 44.23 -78.37 35.52900389228309 653
1983 10 29 1500 300 44.62 -79.53 1000.7788390624518 654
1983 10 29 1500 300 44.68 -77.15 0.0 753
1983 10 29 1500 300 44.28 -77.78 0.0 754
1983 10 29 1500 300 44.48 -76.03 0.0 852
1983 10 29 1500 300 45.55 -75.52 0.0 952
1983 10 29 1500 300 45.98 -74.0 0.0 52
1983 10 29 1800 600 40.2 -78.25 0.0 502
1983 10 29 1800 600 40.67 -78.23 33.12132139812024 504
1983 10 29 1800 600 41.3 -78.48 273.19787419689663 506
1983 10 29 1800 600 41.8 -78.63 517.5608306910842 508
1983 10 29 1800 600 42.25 -78.8 689.2689010460132 510
1983 10 29 1800 600 39.92 -76.75 9.401973196707944 602
1983 10 29 1800 600 41.98 -77.57 1500.5709389932267 608
1983 10 29 1800 600 43.03 -78.18 1772.809935009323 614
1983 10 29 1800 600 40.78 -74.67 2.0762748550745687 703
1983 10 29 1800 600 41.02 -75.9 124.69856055377295 704
1983 10 29 1800 600 41.83 -75.87 15.26064485098912 706
1983 10 29 1800 600 42.45 -76.45 27.483655851491502 708
1983 10 29 1800 600 43.07 -76.83 11.549001464357646 710
1983 10 29 1800 600 39.93 -74.7 1.213326043151997 802
1983 10 29 1800 600 40.9 -74.6 0.0 804
1983 10 29 1800 600 41.63 -74.8 0.0 806
1983 10 29 1800 600 43.23 -75.4 0.0 810
1983 10 29 1800 600 40.67 -73.52 0.0 902
1983 10 29 1800 600 43.05 -74.2 0.0 908
1983 10 29 1800 600 43.97 -74.1 0.0 910
1983 10 29 1800 600 44.8 -75.0 0.0 912
1983 10 29 1800 600 41.95 -72.3 0.0 4
1983 10 29 1800 600 41.73 -71.43 0.0 102
1983 10 29 1800 600 42.7 -71.17 0.0 104
1983 10 29 1800 600 44.27 -71.3 0.0 106
1983 10 29 1800 600 44.4 -71.18 0.0 107
1983 10 29 1800 600 44.93 -72.2 0.0 108
1983 10 29 1800 300 40.38 -80.63 0.0 306
1983 10 29 1800 300 40.92 -81.43 0.0 310
1983 10 29 1800 300 41.42 -81.87 0.0 314
1983 10 29 1800 300 41.27 -82.62 0.0 318
1983 10 29 1800 300 41.33 -83.12 0.0 320
1983 10 29 1800 300 42.67 -81.15 0.0 454
1983 10 29 1800 300 43.52 -79.92 110.53724773037479 554
1983 10 29 1800 300 43.98 -80.75 0.0 556
1983 10 29 1800 300 43.92 -78.67 286.04557069038424 652
1983 10 29 1800 300 44.23 -78.37 3.3852096514425325 653
1983 10 29 1800 300 44.62 -79.53 2.916296242130732 654
1983 10 29 1800 300 44.68 -77.15 0.0 753
1983 10 29 1800 300 44.28 -77.78 0.0 754
1983 10 29 1800 300 44.48 -76.03 0.0 852
1983 10 29 1800 300 45.55 -75.52 0.0 952
1983 10 29 1800 300 45.98 -74.0 0.0 52
1983 10 29 2100 600 41.25 -76.92 4890.038073886618 606
1983 10 29 2100 600 40.37 -75.93 967.7484405456964 702
1983 10 29 2100 600 40.45 -74.8 21.925863597340406 803
1983 10 29 2100 600 41.3 -74.67 0.0 805
1983 10 29 2100 600 42.47 -75.07 0.0 808
1983 10 29 2100 600 41.27 -73.8 0.0 904
1983 10 29 2100 600 41.1 -72.37 0.0 2
1983 10 29 2100 300 40.38 -80.63 0.0 306
1983 10 29 2100 300 40.92 -81.43 0.0 310
1983 10 29 2100 300 41.42 -81.87 0.0 314
1983 10 29 2100 300 41.27 -82.62 0.0 318
1983 10 29 2100 300 41.33 -83.12 0.0 320
1983 10 29 2100 300 42.67 -81.15 0.0 454
1983 10 30 0 600 40.2 -78.25 1046.0778020659177 502
1983 10 30 0 600 40.67 -78.23 2999.700230425064 504
1983 10 30 0 600 41.3 -78.48 2138.1780738466755 506
1983 10 30 0 600 41.8 -78.63 641.9657787334771 508
1983 10 30 0 600 42.25 -78.8 94.07983303853695 510
1983 10 30 0 600 39.92 -76.75 5120.797452958762 602
1983 10 30 0 600 41.98 -77.57 1069.6618576289256 608
1983 10 30 0 600 43.03 -78.18 5.879591751319687 614
1983 10 30 0 600 40.78 -74.67 13.670512009093688 703
1983 10 30 0 600 41.02 -75.9 1650.8693936053003 704
1983 10 30 0 600 42.45 -76.45 8.695359033633478 708
1983 10 30 0 600 43.07 -76.83 0.0 710
1983 10 30 0 600 39.93 -74.7 70.96628176038327 802
1983 10 30 0 600 40.9 -74.6 6.092402780460482 804
1983 10 30 0 600 41.63 -74.8 0.0 806
1983 10 30 0 600 43.23 -75.4 0.0 810
1983 10 30 0 600 40.67 -73.52 0.0 902
1983 10 30 0 600 43.97 -74.1 0.0 910
1983 10 30 0 600 44.8 -75.0 0.0 912
1983 10 30 0 600 41.95 -72.3 0.0 4
1983 10 30 0 600 41.73 -71.43 0.0 102
1983 10 30 0 600 42.7 -71.17 0.0 104
1983 10 30 0 600 44.27 -71.3 0.0 106
1983 10 30 0 600 44.4 -71.18 0.0 107
1983 10 30 0 600 44.93 -72.2 0.0 108
1983 10 30 0 300 40.38 -80.63 0.0 306
1983 10 30 0 300 40.92 -81.43 0.0 310
1983 10 30 0 300 41.42 -81.87 0.0 314
1983 10 30 0 300 41.27 -82.62 0.0 318
1983 10 30 0 300 41.33 -83.12 0.0 320
1983 10 30 0 300 42.67 -81.15 0.0 454
1983 10 30 300 600 41.25 -76.92 7989.514681944423 606
1983 10 30 300 600 40.37 -75.93 6291.373079846341 702
1983 10 30 300 600 40.45 -74.8 114.23600526024103 803
1983 10 30 300 600 41.3 -74.67 13.199020094099385 805
1983 10 30 300 600 42.47 -75.07 0.0 808
1983 10 30 300 600 41.27 -73.8 0.0 904
1983 10 30 300 600 41.1 -72.37 0.0 2
1983 10 30 300 300 42.67 -81.15 0.0 454
1983 10 30 600 600 40.78 -74.67 41.63768349145841 703
1983 10 30 600 600 42.45 -76.45 28.003080515105626 708
1983 10 30 600 600 43.07 -76.83 0.0 710
1983 10 30 600 600 39.93 -74.7 64.43524250197675 802
1983 10 30 600 600 40.9 -74.6 24.234327171485624 804
1983 10 30 600 600 41.63 -74.8 12.898569098434265 806
1983 10 30 600 600 43.23 -75.4 0.0 810
1983 10 30 600 600 40.67 -73.52 0.0 902
1983 10 30 600 600 43.97 -74.1 0.0 910
1983 10 30 600 600 44.8 -75.0 0.0 912
1983 10 30 600 600 41.95 -72.3 0.0 4
1983 10 30 600 600 41.73 -71.43 0.0 102
1983 10 30 600 600 42.7 -71.17 0.0 104
1983 10 30 600 600 44.27 -71.3 0.0 106
1983 10 30 600 600 44.4 -71.18 0.0 107
1983 10 30 600 600 44.93 -72.2 0.0 108
1983 10 30 600 300 42.67 -81.15 0.0 454
1983 10 30 900 600 40.45 -74.8 35.20592785699683 803
1983 10 30 900 600 41.27 -73.8 0.0 904
1983 10 30 900 600 41.1 -72.37 0.0 2
1983 10 30 900 300 42.67 -81.15 0.0 454
1983 10 30 1200 600 40.78 -74.67 0.0 703
1983 10 30 1200 300 42.67 -81.15 0.0 454
1983 10 30 1500 300 42.67 -81.15 0.0 454
1983 10 30 1800 600 40.78 -74.67 0.0 703
1983 10 30 1800 300 42.67 -81.15 0.0 454
1983 10 30 2100 300 42.67 -81.15 0.0 454
1983 10 31 0 600 40.78 -74.67 54.632635854577416 703
1983 10 31 600 600 40.78 -74.67 395.0174893887544 703
