Yr Mo Da Hr dur Lat Lon Calc Site
1983 10 14 1800 300 40.38 -80.63 0.0 306
1983 10 14 1800 300 40.77 -80.75 0.0 308
1983 10 14 1800 300 40.92 -81.43 0.0 310
1983 10 14 1800 300 41.3 -81.15 0.0 312
1983 10 14 1800 300 41.42 -81.87 0.0 314
1983 10 14 1800 300 41.27 -82.62 0.0 318
1983 10 14 1800 300 41.33 -83.12 0.0 320
1983 10 14 2100 300 40.38 -80.63 556.0454228986177 306
1983 10 14 2100 300 40.92 -81.43 1375.8784744624147 310
1983 10 14 2100 300 41.42 -81.87 0.0 314
1983 10 14 2100 300 41.27 -82.62 0.0 318
1983 10 14 2100 300 41.33 -83.12 0.0 320
1983 10 14 2100 300 40.43 -79.15 0.0 404
1983 10 14 2100 300 40.82 -79.53 2.223158685434601 406
1983 10 14 2100 300 42.08 -80.18 0.0 412
1983 10 14 2100 300 42.67 -81.15 0.0 454
1983 10 14 2100 300 42.7 -82.35 0.0 456
1983 10 14 2100 300 40.78 -74.67 0.0 703
1983 10 14 2100 600 40.2 -78.25 83.06899449775271 502
1983 10 14 2100 600 40.67 -78.23 158.40592602254347 504
1983 10 14 2100 600 41.3 -78.48 39.18260640942058 506
1983 10 14 2100 600 41.8 -78.63 0.0 508
1983 10 14 2100 600 42.25 -78.8 0.0 510
1983 10 14 2100 600 42.48 -78.93 0.0 512
1983 10 14 2100 600 43.52 -79.92 0.0 554
1983 10 14 2100 600 43.98 -80.75 0.0 556
1983 10 14 2100 600 39.92 -76.75 0.0 602
1983 10 14 2100 600 40.48 -77.13 0.0 604
1983 10 14 2100 600 41.25 -76.92 0.0 606
1983 10 14 2100 600 41.98 -77.57 0.0 608
1983 10 14 2100 600 42.88 -78.03 0.0 612
1983 10 14 2100 600 43.03 -78.18 0.0 614
1983 10 14 2100 600 43.92 -78.67 0.0 652
1983 10 14 2100 600 44.62 -79.53 0.0 654
1983 10 14 2100 600 40.37 -75.93 0.0 702
1983 10 14 2100 600 42.45 -76.45 0.0 708
1983 10 14 2100 600 43.98 -77.22 0.0 752
1983 10 14 2100 600 44.28 -77.78 0.0 754
1983 10 14 2100 600 44.93 -78.72 0.0 756
1983 10 14 2100 600 39.93 -74.7 0.0 802
1983 10 14 2100 600 40.45 -74.8 0.0 803
1983 10 14 2100 600 40.9 -74.6 0.0 804
1983 10 14 2100 600 41.3 -74.67 0.0 805
1983 10 14 2100 600 41.63 -74.8 0.0 806
1983 10 14 2100 600 40.67 -73.52 0.0 902
1983 10 14 2100 600 40.85 -73.97 0.0 903
1983 10 15 0 300 40.38 -80.63 879.1832508780172 306
1983 10 15 0 300 40.77 -80.75 7674.10340038535 308
1983 10 15 0 300 40.92 -81.43 6335.748454393391 310
1983 10 15 0 300 41.3 -81.15 284.8818297935385 312
1983 10 15 0 300 41.42 -81.87 1.8069590261315702 314
1983 10 15 0 300 41.27 -82.62 0.0 318
1983 10 15 0 300 41.33 -83.12 0.0 320
1983 10 15 0 300 40.43 -79.15 22.853875382261045 404
1983 10 15 0 300 40.82 -79.53 414.2470825351468 406
1983 10 15 0 300 42.08 -80.18 0.0 412
1983 10 15 0 300 42.67 -81.15 0.0 454
1983 10 15 0 300 42.7 -82.35 0.0 456
1983 10 15 0 300 40.78 -74.67 0.0 703
1983 10 15 300 300 40.38 -80.63 212.54037866865897 306
1983 10 15 300 300 40.77 -80.75 6501.017682009608 308
1983 10 15 300 300 40.92 -81.43 4288.326995551531 310
1983 10 15 300 300 41.3 -81.15 749.7760165348018 312
1983 10 15 300 300 41.42 -81.87 3.000155752614001 314
1983 10 15 300 300 41.27 -82.62 0.0 318
1983 10 15 300 300 41.33 -83.12 0.0 320
1983 10 15 300 300 40.43 -79.15 88.31992061859093 404
1983 10 15 300 300 40.82 -79.53 1932.7736053157525 406
1983 10 15 300 300 42.08 -80.18 0.0 412
1983 10 15 300 300 42.67 -81.15 0.0 454
1983 10 15 300 300 42.7 -82.35 0.0 456
1983 10 15 300 300 40.78 -74.67 0.0 703
1983 10 15 300 300 44.68 -77.15 0.0 753
1983 10 15 300 600 40.2 -78.25 4636.052252963415 502
1983 10 15 300 600 40.67 -78.23 4094.6331880979938 504
1983 10 15 300 600 41.3 -78.48 251.96054579310857 506
1983 10 15 300 600 41.8 -78.63 4.396668306967437 508
1983 10 15 300 600 42.25 -78.8 0.0 510
1983 10 15 300 600 42.48 -78.93 0.0 512
1983 10 15 300 600 43.52 -79.92 0.0 554
1983 10 15 300 600 43.98 -80.75 0.0 556
1983 10 15 300 600 39.92 -76.75 1023.1740385185669 602
1983 10 15 300 600 40.48 -77.13 3773.2389324811443 604
1983 10 15 300 600 41.25 -76.92 1153.4241096987707 606
1983 10 15 300 600 41.98 -77.57 1.1128073126738887 608
1983 10 15 300 600 42.88 -78.03 0.0 612
1983 10 15 300 600 43.03 -78.18 0.0 614
1983 10 15 300 600 43.92 -78.67 0.0 652
1983 10 15 300 600 40.37 -75.93 417.87947866663865 702
1983 10 15 300 600 42.45 -76.45 0.0 708
1983 10 15 300 600 43.98 -77.22 0.0 752
1983 10 15 300 600 44.28 -77.78 0.0 754
1983 10 15 300 600 44.93 -78.72 0.0 756
1983 10 15 300 600 39.93 -74.7 143.48309002737048 802
1983 10 15 300 600 40.45 -74.8 124.61577050744489 803
1983 10 15 300 600 40.9 -74.6 16.47811143872049 804
1983 10 15 300 600 41.3 -74.67 2.4167064725039693 805
1983 10 15 300 600 41.63 -74.8 0.0 806
1983 10 15 300 600 42.92 -75.12 0.0 809
1983 10 15 300 600 43.23 -75.4 0.0 810
1983 10 15 300 600 43.58 -75.52 0.0 811
1983 10 15 300 600 40.67 -73.52 1.0078742319914955 902
1983 10 15 300 600 40.85 -73.97 1.0510724459552274 903
1983 10 15 300 600 43.05 -74.2 0.0 908
1983 10 15 300 600 43.97 -74.1 0.0 910
1983 10 15 300 600 44.8 -75.0 0.0 912
1983 10 15 300 600 45.55 -75.52 0.0 952
1983 10 15 300 600 41.1 -72.37 0.0 2
1983 10 15 300 600 41.95 -72.3 0.0 4
1983 10 15 300 600 41.73 -71.43 0.0 102
1983 10 15 300 600 42.7 -71.17 0.0 104
1983 10 15 600 300 40.38 -80.63 1.949685870971705 306
1983 10 15 600 300 40.77 -80.75 1341.0334076430609 308
1983 10 15 600 300 40.92 -81.43 435.0632562519282 310
1983 10 15 600 300 41.3 -81.15 513.2463565281196 312
1983 10 15 600 300 41.42 -81.87 1.4161956355323049 314
1983 10 15 600 300 41.27 -82.62 0.0 318
1983 10 15 600 300 41.33 -83.12 0.0 320
1983 10 15 600 300 40.43 -79.15 66.23652125469253 404
1983 10 15 600 300 40.82 -79.53 656.8287479388769 406
1983 10 15 600 300 42.08 -80.18 0.0 412
1983 10 15 600 300 42.67 -81.15 0.0 454
1983 10 15 600 300 42.7 -82.35 0.0 456
1983 10 15 600 300 40.78 -74.67 83.58606133000572 703
1983 10 15 600 300 44.68 -77.15 0.0 753
1983 10 15 600 600 41.27 -73.8 3.2188652880704622 904
1983 10 15 900 300 40.38 -80.63 1.9227516005496972 306
1983 10 15 900 300 40.77 -80.75 244.89978311533054 308
1983 10 15 900 300 40.92 -81.43 31.915448775608674 310
1983 10 15 900 300 41.3 -81.15 231.62383830098437 312
1983 10 15 900 300 41.42 -81.87 2.028073397919323 314
1983 10 15 900 300 41.27 -82.62 0.0 318
1983 10 15 900 300 41.33 -83.12 0.0 320
1983 10 15 900 300 40.43 -79.15 11.935229601707602 404
1983 10 15 900 300 40.82 -79.53 354.9259290753494 406
1983 10 15 900 300 42.08 -80.18 0.0 412
1983 10 15 900 300 42.67 -81.15 0.0 454
1983 10 15 900 300 42.7 -82.35 0.0 456
1983 10 15 900 300 40.78 -74.67 448.0355633860872 703
1983 10 15 900 300 44.68 -77.15 0.0 753
1983 10 15 900 600 40.2 -78.25 969.0899472006297 502
1983 10 15 900 600 40.67 -78.23 1009.2557523129002 504
1983 10 15 900 600 41.3 -78.48 219.84425472269658 506
1983 10 15 900 600 41.8 -78.63 31.30083991939812 508
1983 10 15 900 600 42.25 -78.8 2.8074038900433234 510
1983 10 15 900 600 42.48 -78.93 0.0 512
1983 10 15 900 600 43.52 -79.92 0.0 554
1983 10 15 900 600 43.98 -80.75 0.0 556
1983 10 15 900 600 39.92 -76.75 4250.478100316688 602
1983 10 15 900 600 41.25 -76.92 1115.8910836956554 606
1983 10 15 900 600 41.98 -77.57 12.820935783865698 608
1983 10 15 900 600 42.88 -78.03 0.0 612
1983 10 15 900 600 43.03 -78.18 0.0 614
1983 10 15 900 600 43.92 -78.67 0.0 652
1983 10 15 900 600 40.37 -75.93 3128.3599932313514 702
1983 10 15 900 600 42.45 -76.45 0.0 708
1983 10 15 900 600 43.98 -77.22 0.0 752
1983 10 15 900 600 44.28 -77.78 0.0 754
1983 10 15 900 600 44.93 -78.72 0.0 756
1983 10 15 900 600 39.93 -74.7 1490.702992268427 802
1983 10 15 900 600 40.45 -74.8 647.3626211016739 803
1983 10 15 900 600 40.9 -74.6 176.17416422318098 804
1983 10 15 900 600 41.3 -74.67 55.74446007686027 805
1983 10 15 900 600 41.63 -74.8 19.672090408997303 806
1983 10 15 900 600 42.92 -75.12 0.0 809
1983 10 15 900 600 43.23 -75.4 0.0 810
1983 10 15 900 600 43.58 -75.52 0.0 811
1983 10 15 900 600 40.67 -73.52 56.420298026468565 902
1983 10 15 900 600 40.85 -73.97 88.50616248231252 903
1983 10 15 900 600 43.05 -74.2 0.0 908
1983 10 15 900 600 43.97 -74.1 0.0 910
1983 10 15 900 600 44.8 -75.0 0.0 912
1983 10 15 900 600 45.55 -75.52 0.0 952
1983 10 15 900 600 41.1 -72.37 0.0 2
1983 10 15 900 600 41.95 -72.3 0.0 4
1983 10 15 900 600 43.03 -72.8 0.0 6
1983 10 15 900 600 44.9 -73.8 0.0 10
1983 10 15 900 600 45.98 -74.0 0.0 52
1983 10 15 900 600 41.73 -71.43 0.0 102
1983 10 15 900 600 42.7 -71.17 0.0 104
1983 10 15 900 600 44.27 -71.3 0.0 106
1983 10 15 900 600 44.93 -72.2 0.0 108
1983 10 15 1200 300 40.43 -79.15 15.422666438396543 404
1983 10 15 1200 300 40.82 -79.53 368.0074154665904 406
1983 10 15 1200 300 42.08 -80.18 0.0 412
1983 10 15 1200 300 42.67 -81.15 0.0 454
1983 10 15 1200 300 42.7 -82.35 0.0 456
1983 10 15 1200 300 40.78 -74.67 111.82012267732499 703
1983 10 15 1200 300 44.68 -77.15 0.0 753
1983 10 15 1200 600 43.07 -76.83 0.0 710
1983 10 15 1200 600 42.08 -74.97 0.0 807
1983 10 15 1200 600 41.27 -73.8 2.607850931106295 904
1983 10 15 1500 300 40.78 -74.67 9.436383525887488 703
1983 10 15 1500 300 44.68 -77.15 0.0 753
1983 10 15 1500 600 40.2 -78.25 79.91351626844651 502
1983 10 15 1500 600 40.67 -78.23 74.18124075579969 504
1983 10 15 1500 600 41.3 -78.48 2.8540125951167763 506
1983 10 15 1500 600 41.8 -78.63 0.0 508
1983 10 15 1500 600 42.25 -78.8 0.0 510
1983 10 15 1500 600 42.48 -78.93 0.0 512
1983 10 15 1500 600 43.52 -79.92 0.0 554
1983 10 15 1500 600 43.98 -80.75 0.0 556
1983 10 15 1500 600 39.92 -76.75 144.10891235858824 602
1983 10 15 1500 600 41.25 -76.92 0.0 606
1983 10 15 1500 600 41.98 -77.57 0.0 608
1983 10 15 1500 600 42.88 -78.03 0.0 612
1983 10 15 1500 600 43.03 -78.18 0.0 614
1983 10 15 1500 600 43.92 -78.67 0.0 652
1983 10 15 1500 600 44.62 -79.53 0.0 654
1983 10 15 1500 600 40.37 -75.93 94.13321683577206 702
1983 10 15 1500 600 41.83 -75.87 0.0 706
1983 10 15 1500 600 42.45 -76.45 0.0 708
1983 10 15 1500 600 43.98 -77.22 0.0 752
1983 10 15 1500 600 44.28 -77.78 0.0 754
1983 10 15 1500 600 44.93 -78.72 0.0 756
1983 10 15 1500 600 39.93 -74.7 168.36670737685264 802
1983 10 15 1500 600 40.45 -74.8 32.75611264447671 803
1983 10 15 1500 600 40.9 -74.6 0.0 804
1983 10 15 1500 600 41.3 -74.67 0.0 805
1983 10 15 1500 600 41.63 -74.8 0.0 806
1983 10 15 1500 600 42.92 -75.12 0.0 809
1983 10 15 1500 600 43.23 -75.4 0.0 810
1983 10 15 1500 600 43.58 -75.52 0.0 811
1983 10 15 1500 600 44.48 -76.03 0.0 852
1983 10 15 1500 600 40.67 -73.52 3.97159121136212 902
1983 10 15 1500 600 40.85 -73.97 0.0 903
1983 10 15 1500 600 43.05 -74.2 0.0 908
1983 10 15 1500 600 43.97 -74.1 0.0 910
1983 10 15 1500 600 44.8 -75.0 0.0 912
1983 10 15 1500 600 45.55 -75.52 0.0 952
1983 10 15 1500 600 41.1 -72.37 0.0 2
1983 10 15 1500 600 41.95 -72.3 0.0 4
1983 10 15 1500 600 43.03 -72.8 0.0 6
1983 10 15 1500 600 44.9 -73.8 0.0 10
1983 10 15 1500 600 45.98 -74.0 0.0 52
1983 10 15 1500 600 41.73 -71.43 0.0 102
1983 10 15 1500 600 42.7 -71.17 0.0 104
1983 10 15 1500 600 44.27 -71.3 0.0 106
1983 10 15 1500 600 44.93 -72.2 0.0 108
1983 10 15 1800 300 40.78 -74.67 0.0 703
1983 10 15 1800 300 44.68 -77.15 0.0 753
1983 10 15 1800 600 43.07 -76.83 0.0 710
1983 10 15 1800 600 42.08 -74.97 0.0 807
1983 10 15 1800 600 41.27 -73.8 0.0 904
1983 10 15 2100 300 40.78 -74.67 0.0 703
1983 10 15 2100 600 40.2 -78.25 48.897122782596966 502
1983 10 15 2100 600 40.67 -78.23 7.638509964354357 504
1983 10 15 2100 600 41.3 -78.48 0.0 506
1983 10 15 2100 600 41.8 -78.63 0.0 508
1983 10 15 2100 600 42.25 -78.8 0.0 510
1983 10 15 2100 600 42.48 -78.93 0.0 512
1983 10 15 2100 600 43.52 -79.92 0.0 554
1983 10 15 2100 600 43.98 -80.75 0.0 556
1983 10 15 2100 600 39.92 -76.75 24.826262792710512 602
1983 10 15 2100 600 41.25 -76.92 0.0 606
1983 10 15 2100 600 41.98 -77.57 0.0 608
1983 10 15 2100 600 42.88 -78.03 0.0 612
1983 10 15 2100 600 43.03 -78.18 0.0 614
1983 10 15 2100 600 43.92 -78.67 0.0 652
1983 10 15 2100 600 44.62 -79.53 0.0 654
1983 10 15 2100 600 40.37 -75.93 0.0 702
1983 10 15 2100 600 41.83 -75.87 0.0 706
1983 10 15 2100 600 42.45 -76.45 0.0 708
1983 10 15 2100 600 43.98 -77.22 0.0 752
1983 10 15 2100 600 44.28 -77.78 0.0 754
1983 10 15 2100 600 44.93 -78.72 0.0 756
1983 10 15 2100 600 39.93 -74.7 9.841344628396063 802
1983 10 15 2100 600 40.45 -74.8 0.0 803
1983 10 15 2100 600 40.9 -74.6 0.0 804
1983 10 15 2100 600 41.3 -74.67 0.0 805
1983 10 15 2100 600 41.63 -74.8 0.0 806
1983 10 15 2100 600 42.92 -75.12 0.0 809
1983 10 15 2100 600 43.23 -75.4 0.0 810
1983 10 15 2100 600 43.58 -75.52 0.0 811
1983 10 15 2100 600 44.48 -76.03 0.0 852
1983 10 15 2100 600 40.67 -73.52 0.0 902
1983 10 15 2100 600 40.85 -73.97 0.0 903
1983 10 15 2100 600 43.05 -74.2 0.0 908
1983 10 15 2100 600 43.97 -74.1 0.0 910
1983 10 15 2100 600 44.8 -75.0 0.0 912
1983 10 15 2100 600 45.55 -75.52 0.0 952
1983 10 15 2100 600 41.1 -72.37 0.0 2
1983 10 15 2100 600 41.95 -72.3 0.0 4
1983 10 15 2100 600 43.03 -72.8 0.0 6
1983 10 15 2100 600 44.9 -73.8 0.0 10
1983 10 15 2100 600 45.98 -74.0 0.0 52
1983 10 15 2100 600 41.73 -71.43 0.0 102
1983 10 15 2100 600 42.7 -71.17 0.0 104
1983 10 15 2100 600 44.27 -71.3 0.0 106
1983 10 15 2100 600 44.93 -72.2 0.0 108
1983 10 16 0 300 40.78 -74.67 0.0 703
1983 10 16 0 600 43.07 -76.83 0.0 710
1983 10 16 0 600 42.08 -74.97 0.0 807
1983 10 16 0 600 41.27 -73.8 0.0 904
1983 10 16 300 600 40.2 -78.25 39.991960548411924 502
1983 10 16 300 600 40.67 -78.23 0.0 504
1983 10 16 300 600 41.3 -78.48 0.0 506
1983 10 16 300 600 41.8 -78.63 0.0 508
1983 10 16 300 600 42.25 -78.8 0.0 510
1983 10 16 300 600 42.48 -78.93 0.0 512
1983 10 16 300 600 43.52 -79.92 0.0 554
1983 10 16 300 600 43.98 -80.75 0.0 556
1983 10 16 300 600 39.92 -76.75 0.0 602
1983 10 16 300 600 41.25 -76.92 0.0 606
1983 10 16 300 600 41.98 -77.57 0.0 608
1983 10 16 300 600 42.88 -78.03 0.0 612
1983 10 16 300 600 43.03 -78.18 0.0 614
1983 10 16 300 600 43.92 -78.67 0.0 652
1983 10 16 300 600 44.62 -79.53 0.0 654
1983 10 16 300 600 40.37 -75.93 0.0 702
1983 10 16 300 600 41.83 -75.87 0.0 706
1983 10 16 300 600 42.45 -76.45 0.0 708
1983 10 16 300 600 43.98 -77.22 0.0 752
1983 10 16 300 600 44.28 -77.78 0.0 754
1983 10 16 300 600 44.93 -78.72 0.0 756
1983 10 16 300 600 39.93 -74.7 0.0 802
1983 10 16 300 600 40.45 -74.8 0.0 803
1983 10 16 300 600 40.9 -74.6 0.0 804
1983 10 16 300 600 41.3 -74.67 0.0 805
1983 10 16 300 600 41.63 -74.8 0.0 806
1983 10 16 300 600 42.92 -75.12 0.0 809
1983 10 16 300 600 43.23 -75.4 0.0 810
1983 10 16 300 600 43.58 -75.52 0.0 811
1983 10 16 300 600 44.48 -76.03 0.0 852
1983 10 16 300 600 40.67 -73.52 0.0 902
1983 10 16 300 600 40.85 -73.97 0.0 903
1983 10 16 300 600 43.05 -74.2 0.0 908
1983 10 16 300 600 43.97 -74.1 0.0 910
1983 10 16 300 600 44.8 -75.0 0.0 912
1983 10 16 300 600 45.55 -75.52 0.0 952
1983 10 16 300 600 41.1 -72.37 0.0 2
1983 10 16 300 600 41.95 -72.3 0.0 4
1983 10 16 300 600 43.03 -72.8 0.0 6
1983 10 16 300 600 44.9 -73.8 0.0 10
1983 10 16 300 600 45.98 -74.0 0.0 52
1983 10 16 300 600 41.73 -71.43 0.0 102
1983 10 16 300 600 42.7 -71.17 0.0 104
1983 10 16 300 600 44.27 -71.3 0.0 106
1983 10 16 300 600 44.93 -72.2 0.0 108
1983 10 16 600 600 43.07 -76.83 0.0 710
1983 10 16 600 600 41.27 -73.8 0.0 904
1983 10 16 900 600 41.83 -75.87 0.0 706
1983 10 16 900 600 42.92 -75.12 0.0 809
1983 10 16 900 600 43.23 -75.4 0.0 810
1983 10 16 900 600 43.58 -75.52 0.0 811
1983 10 16 900 600 44.48 -76.03 0.0 852
1983 10 16 900 600 40.85 -73.97 0.0 903
1983 10 16 900 600 43.97 -74.1 0.0 910
1983 10 16 900 600 44.8 -75.0 0.0 912
1983 10 16 900 600 45.55 -75.52 0.0 952
1983 10 16 900 600 41.1 -72.37 0.0 2
1983 10 16 900 600 41.95 -72.3 0.0 4
1983 10 16 900 600 44.9 -73.8 0.0 10
1983 10 16 900 600 45.98 -74.0 0.0 52
1983 10 16 900 600 41.73 -71.43 0.0 102
1983 10 16 900 600 42.7 -71.17 0.0 104
1983 10 16 900 600 44.27 -71.3 0.0 106
1983 10 16 900 600 44.93 -72.2 0.0 108
1983 10 16 1200 600 43.07 -76.83 0.0 710
1983 10 16 1200 600 41.27 -73.8 0.0 904
1983 10 16 1500 600 41.83 -75.87 0.0 706
1983 10 16 1500 600 44.9 -73.8 0.0 10
1983 10 16 1500 600 45.98 -74.0 0.0 52
1983 10 16 1500 600 44.27 -71.3 0.0 106
1983 10 16 1500 600 44.93 -72.2 0.0 108
1983 10 16 1800 600 43.07 -76.83 0.0 710
1983 10 16 2100 600 41.83 -75.87 0.0 706
