Yr Mo Da Hr dur Lat Lon Calc Site
1983 10 29 600 600 40.78 -74.67 0.0 703
1983 10 29 600 600 41.02 -75.9 0.0 704
1983 10 29 600 600 41.83 -75.87 0.0 706
1983 10 29 600 600 42.45 -76.45 0.0 708
1983 10 29 600 600 39.93 -74.7 0.0 802
1983 10 29 600 600 40.9 -74.6 0.0 804
1983 10 29 600 600 41.63 -74.8 0.0 806
1983 10 29 600 600 42.08 -74.97 0.0 807
1983 10 29 600 600 43.23 -75.4 0.0 810
1983 10 29 600 600 40.67 -73.52 0.0 902
1983 10 29 600 600 43.05 -74.2 0.0 908
1983 10 29 600 600 43.97 -74.1 0.0 910
1983 10 29 600 600 44.8 -75.0 0.0 912
1983 10 29 600 600 41.95 -72.3 0.0 4
1983 10 29 600 600 41.73 -71.43 0.0 102
1983 10 29 600 600 42.7 -71.17 0.0 104
1983 10 29 600 600 44.27 -71.3 0.0 106
1983 10 29 600 600 44.4 -71.18 0.0 107
1983 10 29 600 600 44.93 -72.2 0.0 108
1983 10 29 600 600 40.2 -78.25 0.0 502
1983 10 29 600 600 40.67 -78.23 0.0 504
1983 10 29 600 600 41.3 -78.48 0.0 506
1983 10 29 600 600 41.8 -78.63 0.0 508
1983 10 29 600 600 42.25 -78.8 0.0 510
1983 10 29 600 600 39.92 -76.75 0.0 602
1983 10 29 600 600 41.98 -77.57 0.0 608
1983 10 29 600 600 43.03 -78.18 0.0 614
1983 10 29 600 600 40.78 -74.67 0.0 703
1983 10 29 600 600 41.02 -75.9 0.0 704
1983 10 29 600 600 41.83 -75.87 0.0 706
1983 10 29 600 600 42.45 -76.45 0.0 708
1983 10 29 600 600 39.93 -74.7 0.0 802
1983 10 29 600 600 40.9 -74.6 0.0 804
1983 10 29 600 600 41.63 -74.8 0.0 806
1983 10 29 600 600 42.08 -74.97 0.0 807
1983 10 29 600 600 43.23 -75.4 0.0 810
1983 10 29 600 600 40.67 -73.52 0.0 902
1983 10 29 600 600 43.05 -74.2 0.0 908
1983 10 29 600 600 43.97 -74.1 0.0 910
1983 10 29 600 600 44.8 -75.0 0.0 912
1983 10 29 600 600 41.95 -72.3 0.0 4
1983 10 29 600 600 41.73 -71.43 0.0 102
1983 10 29 600 600 42.7 -71.17 0.0 104
1983 10 29 600 600 44.27 -71.3 0.0 106
1983 10 29 600 600 44.4 -71.18 0.0 107
1983 10 29 600 600 44.93 -72.2 0.0 108
1983 10 29 600 300 40.38 -80.63 0.0 306
1983 10 29 600 300 40.77 -80.75 0.0 308
1983 10 29 600 300 40.92 -81.43 0.0 310
1983 10 29 600 300 41.3 -81.15 0.0 312
1983 10 29 600 300 41.42 -81.87 0.0 314
1983 10 29 600 300 41.27 -82.62 0.0 318
1983 10 29 600 300 41.33 -83.12 0.0 320
1983 10 29 600 300 40.43 -79.15 0.0 404
1983 10 29 600 300 42.08 -80.18 0.0 412
1983 10 29 600 300 42.67 -81.15 0.0 454
1983 10 29 600 300 42.7 -82.35 0.0 456
1983 10 29 600 300 43.52 -79.92 0.0 554
1983 10 29 600 300 43.98 -80.75 0.0 556
1983 10 29 600 300 43.92 -78.67 0.0 652
1983 10 29 600 300 44.23 -78.37 0.0 653
1983 10 29 600 300 44.62 -79.53 0.0 654
1983 10 29 600 300 44.68 -77.15 0.0 753
1983 10 29 600 300 44.28 -77.78 0.0 754
1983 10 29 600 300 44.48 -76.03 0.0 852
1983 10 29 600 300 45.55 -75.52 0.0 952
1983 10 29 600 300 45.98 -74.0 0.0 52
1983 10 29 900 600 41.27 -73.8 0.0 904
1983 10 29 900 600 41.1 -72.37 0.0 2
1983 10 29 900 600 41.25 -76.92 0.0 606
1983 10 29 900 600 40.37 -75.93 0.0 702
1983 10 29 900 600 40.45 -74.8 0.0 803
1983 10 29 900 600 41.3 -74.67 0.0 805
1983 10 29 900 600 42.47 -75.07 0.0 808
1983 10 29 900 600 41.27 -73.8 0.0 904
1983 10 29 900 600 41.1 -72.37 0.0 2
1983 10 29 900 300 40.38 -80.63 0.0 306
1983 10 29 900 300 40.77 -80.75 0.0 308
1983 10 29 900 300 40.92 -81.43 0.0 310
1983 10 29 900 300 41.42 -81.87 0.0 314
1983 10 29 900 300 41.27 -82.62 0.0 318
1983 10 29 900 300 40.43 -79.15 0.0 404
1983 10 29 900 300 42.08 -80.18 0.0 412
1983 10 29 900 300 42.67 -81.15 0.0 454
1983 10 29 900 300 42.7 -82.35 0.0 456
1983 10 29 900 300 43.52 -79.92 0.0 554
1983 10 29 900 300 43.98 -80.75 0.0 556
1983 10 29 900 300 43.92 -78.67 0.0 652
1983 10 29 900 300 44.23 -78.37 0.0 653
1983 10 29 900 300 44.62 -79.53 1252.8855621147486 654
1983 10 29 900 300 44.68 -77.15 0.0 753
1983 10 29 900 300 44.28 -77.78 0.0 754
1983 10 29 900 300 44.48 -76.03 0.0 852
1983 10 29 900 300 45.55 -75.52 0.0 952
1983 10 29 900 300 45.98 -74.0 0.0 52
1983 10 29 1200 600 40.2 -78.25 0.0 502
1983 10 29 1200 600 40.67 -78.23 0.0 504
1983 10 29 1200 600 41.3 -78.48 0.0 506
1983 10 29 1200 600 41.8 -78.63 2.8562950284593267 508
1983 10 29 1200 600 42.25 -78.8 54.39579519880334 510
1983 10 29 1200 600 39.92 -76.75 0.0 602
1983 10 29 1200 600 41.98 -77.57 15.629948755819544 608
1983 10 29 1200 600 43.03 -78.18 915.9962540655118 614
1983 10 29 1200 600 40.78 -74.67 0.0 703
1983 10 29 1200 600 41.02 -75.9 0.0 704
1983 10 29 1200 600 41.83 -75.87 0.0 706
1983 10 29 1200 600 42.45 -76.45 0.0 708
1983 10 29 1200 600 43.07 -76.83 2.4873810321567222 710
1983 10 29 1200 600 39.93 -74.7 0.0 802
1983 10 29 1200 600 40.9 -74.6 0.0 804
1983 10 29 1200 600 41.63 -74.8 0.0 806
1983 10 29 1200 600 43.23 -75.4 0.0 810
1983 10 29 1200 600 40.67 -73.52 0.0 902
1983 10 29 1200 600 43.05 -74.2 0.0 908
1983 10 29 1200 600 43.97 -74.1 0.0 910
1983 10 29 1200 600 44.8 -75.0 0.0 912
1983 10 29 1200 600 41.95 -72.3 0.0 4
1983 10 29 1200 600 41.73 -71.43 0.0 102
1983 10 29 1200 600 42.7 -71.17 0.0 104
1983 10 29 1200 600 44.27 -71.3 0.0 106
1983 10 29 1200 600 44.4 -71.18 0.0 107
1983 10 29 1200 600 44.93 -72.2 0.0 108
1983 10 29 1200 300 40.38 -80.63 0.0 306
1983 10 29 1200 300 40.92 -81.43 0.0 310
1983 10 29 1200 300 41.42 -81.87 0.0 314
1983 10 29 1200 300 41.27 -82.62 0.0 318
1983 10 29 1200 300 41.33 -83.12 0.0 320
1983 10 29 1200 300 42.08 -80.18 0.0 412
1983 10 29 1200 300 42.67 -81.15 0.0 454
1983 10 29 1200 300 42.7 -82.35 0.0 456
1983 10 29 1200 300 43.18 -79.4 206.05939737714073 552
1983 10 29 1200 300 43.52 -79.92 206.67444378753586 554
1983 10 29 1200 300 43.98 -80.75 5.328113886887203 556
1983 10 29 1200 300 43.92 -78.67 1104.4915085382197 652
1983 10 29 1200 300 44.23 -78.37 135.4179341901384 653
1983 10 29 1200 300 44.62 -79.53 9189.149724343879 654
1983 10 29 1200 300 44.68 -77.15 0.0 753
1983 10 29 1200 300 44.28 -77.78 0.0 754
1983 10 29 1200 300 44.48 -76.03 0.0 852
1983 10 29 1200 300 45.55 -75.52 0.0 952
1983 10 29 1200 300 45.98 -74.0 0.0 52
1983 10 29 1500 600 41.25 -76.92 102.86757281546059 606
1983 10 29 1500 600 40.37 -75.93 1.1454221876270398 702
1983 10 29 1500 600 40.45 -74.8 0.0 803
1983 10 29 1500 600 41.3 -74.67 0.0 805
1983 10 29 1500 600 41.27 -73.8 0.0 904
1983 10 29 1500 600 41.1 -72.37 0.0 2
1983 10 29 1500 300 40.38 -80.63 0.0 306
1983 10 29 1500 300 40.92 -81.43 0.0 310
1983 10 29 1500 300 41.42 -81.87 0.0 314
1983 10 29 1500 300 41.27 -82.62 0.0 318
1983 10 29 1500 300 41.33 -83.12 0.0 320
1983 10 29 1500 300 42.67 -81.15 0.0 454
1983 10 29 1500 300 43.18 -79.4 2173.9811869355067 552
1983 10 29 1500 300 43.52 -79.92 733.7126959913523 554
1983 10 29 1500 300 43.98 -80.75 7.2561622488775805 556
1983 10 29 1500 300 43.92 -78.67 2573.7004409788274 652
1983 10 29 1500 300 44.23 -78.37 122.72518441492666 653
1983 10 29 1500 300 44.62 -79.53 2065.1897049468507 654
1983 10 29 1500 300 44.68 -77.15 0.0 753
1983 10 29 1500 300 44.28 -77.78 1.732249714024847 754
1983 10 29 1500 300 44.48 -76.03 0.0 852
1983 10 29 1500 300 45.55 -75.52 0.0 952
1983 10 29 1500 300 45.98 -74.0 0.0 52
1983 10 29 1800 600 40.2 -78.25 3.207044455406432 502
1983 10 29 1800 600 40.67 -78.23 68.06724519969939 504
1983 10 29 1800 600 41.3 -78.48 425.05625009670484 506
1983 10 29 1800 600 41.8 -78.63 757.1252311582851 508
1983 10 29 1800 600 42.25 -78.8 1000.6867802100347 510
1983 10 29 1800 600 39.92 -76.75 26.306505928956035 602
1983 10 29 1800 600 41.98 -77.57 1940.011271293604 608
1983 10 29 1800 600 43.03 -78.18 2737.582778833363 614
1983 10 29 1800 600 40.78 -74.67 2.7041095818976344 703
1983 10 29 1800 600 41.02 -75.9 196.4202893700826 704
1983 10 29 1800 600 41.83 -75.87 27.933874807480326 706
1983 10 29 1800 600 42.45 -76.45 61.09938157874956 708
1983 10 29 1800 600 43.07 -76.83 26.90150957221939 710
1983 10 29 1800 600 39.93 -74.7 6.58331826104405 802
1983 10 29 1800 600 40.9 -74.6 1.0324722707875111 804
1983 10 29 1800 600 41.63 -74.8 0.0 806
1983 10 29 1800 600 43.23 -75.4 0.0 810
1983 10 29 1800 600 40.67 -73.52 0.0 902
1983 10 29 1800 600 43.05 -74.2 0.0 908
1983 10 29 1800 600 43.97 -74.1 0.0 910
1983 10 29 1800 600 44.8 -75.0 0.0 912
1983 10 29 1800 600 41.95 -72.3 0.0 4
1983 10 29 1800 600 41.73 -71.43 0.0 102
1983 10 29 1800 600 42.7 -71.17 0.0 104
1983 10 29 1800 600 44.27 -71.3 0.0 106
1983 10 29 1800 600 44.4 -71.18 0.0 107
1983 10 29 1800 600 44.93 -72.2 0.0 108
1983 10 29 1800 300 40.38 -80.63 0.0 306
1983 10 29 1800 300 40.92 -81.43 0.0 310
1983 10 29 1800 300 41.42 -81.87 0.0 314
1983 10 29 1800 300 41.27 -82.62 0.0 318
1983 10 29 1800 300 41.33 -83.12 0.0 320
1983 10 29 1800 300 42.67 -81.15 0.0 454
1983 10 29 1800 300 43.52 -79.92 181.46874139425148 554
1983 10 29 1800 300 43.98 -80.75 1.8208132837460174 556
1983 10 29 1800 300 43.92 -78.67 502.25102691757826 652
1983 10 29 1800 300 44.23 -78.37 15.089225817476684 653
1983 10 29 1800 300 44.62 -79.53 4.696527393078957 654
1983 10 29 1800 300 44.68 -77.15 0.0 753
1983 10 29 1800 300 44.28 -77.78 0.0 754
1983 10 29 1800 300 44.48 -76.03 0.0 852
1983 10 29 1800 300 45.55 -75.52 0.0 952
1983 10 29 1800 300 45.98 -74.0 0.0 52
1983 10 29 2100 600 41.25 -76.92 5737.44206781234 606
1983 10 29 2100 600 40.37 -75.93 1498.8778449178528 702
1983 10 29 2100 600 40.45 -74.8 54.029184962602955 803
1983 10 29 2100 600 41.3 -74.67 0.0 805
1983 10 29 2100 600 42.47 -75.07 0.0 808
1983 10 29 2100 600 41.27 -73.8 0.0 904
1983 10 29 2100 600 41.1 -72.37 0.0 2
1983 10 29 2100 300 40.38 -80.63 0.0 306
1983 10 29 2100 300 40.92 -81.43 0.0 310
1983 10 29 2100 300 41.42 -81.87 0.0 314
1983 10 29 2100 300 41.27 -82.62 0.0 318
1983 10 29 2100 300 41.33 -83.12 0.0 320
1983 10 29 2100 300 42.67 -81.15 0.0 454
1983 10 30 0 600 40.2 -78.25 1245.4351735515593 502
1983 10 30 0 600 40.67 -78.23 2452.472176192406 504
1983 10 30 0 600 41.3 -78.48 2397.41373216395 506
1983 10 30 0 600 41.8 -78.63 330.2150011838043 508
1983 10 30 0 600 42.25 -78.8 27.62632287826571 510
1983 10 30 0 600 39.92 -76.75 4801.312125850847 602
1983 10 30 0 600 41.98 -77.57 611.2812661286042 608
1983 10 30 0 600 43.03 -78.18 7.227521070915962 614
1983 10 30 0 600 40.78 -74.67 12.924679580607219 703
1983 10 30 0 600 41.02 -75.9 874.4807279250691 704
1983 10 30 0 600 42.45 -76.45 9.169142608856138 708
1983 10 30 0 600 43.07 -76.83 0.0 710
1983 10 30 0 600 39.93 -74.7 69.83481064313706 802
1983 10 30 0 600 40.9 -74.6 5.300010004737626 804
1983 10 30 0 600 41.63 -74.8 0.0 806
1983 10 30 0 600 43.23 -75.4 0.0 810
1983 10 30 0 600 40.67 -73.52 0.0 902
1983 10 30 0 600 43.97 -74.1 0.0 910
1983 10 30 0 600 44.8 -75.0 0.0 912
1983 10 30 0 600 41.95 -72.3 0.0 4
1983 10 30 0 600 41.73 -71.43 0.0 102
1983 10 30 0 600 42.7 -71.17 0.0 104
1983 10 30 0 600 44.27 -71.3 0.0 106
1983 10 30 0 600 44.4 -71.18 0.0 107
1983 10 30 0 600 44.93 -72.2 0.0 108
1983 10 30 0 300 40.38 -80.63 0.0 306
1983 10 30 0 300 40.92 -81.43 0.0 310
1983 10 30 0 300 41.42 -81.87 0.0 314
1983 10 30 0 300 41.27 -82.62 0.0 318
1983 10 30 0 300 41.33 -83.12 0.0 320
1983 10 30 0 300 42.67 -81.15 0.0 454
1983 10 30 300 600 41.25 -76.92 8843.046800617554 606
1983 10 30 300 600 40.37 -75.93 3256.7049930841554 702
1983 10 30 300 600 40.45 -74.8 51.09684671038433 803
1983 10 30 300 600 41.3 -74.67 1.3469361666831947 805
1983 10 30 300 600 42.47 -75.07 0.0 808
1983 10 30 300 600 41.27 -73.8 0.0 904
1983 10 30 300 600 41.1 -72.37 0.0 2
1983 10 30 300 300 42.67 -81.15 0.0 454
1983 10 30 600 600 40.78 -74.67 18.77854496317698 703
1983 10 30 600 600 42.45 -76.45 0.0 708
1983 10 30 600 600 43.07 -76.83 0.0 710
1983 10 30 600 600 39.93 -74.7 16.781640128277193 802
1983 10 30 600 600 40.9 -74.6 8.218783910966243 804
1983 10 30 600 600 41.63 -74.8 0.0 806
1983 10 30 600 600 43.23 -75.4 0.0 810
1983 10 30 600 600 40.67 -73.52 0.0 902
1983 10 30 600 600 43.97 -74.1 0.0 910
1983 10 30 600 600 44.8 -75.0 0.0 912
1983 10 30 600 600 41.95 -72.3 0.0 4
1983 10 30 600 600 41.73 -71.43 0.0 102
1983 10 30 600 600 42.7 -71.17 0.0 104
1983 10 30 600 600 44.27 -71.3 0.0 106
1983 10 30 600 600 44.4 -71.18 0.0 107
1983 10 30 600 600 44.93 -72.2 0.0 108
1983 10 30 600 300 42.67 -81.15 0.0 454
1983 10 30 900 600 40.45 -74.8 33.10092929376181 803
1983 10 30 900 600 41.27 -73.8 0.0 904
1983 10 30 900 600 41.1 -72.37 0.0 2
1983 10 30 900 300 42.67 -81.15 0.0 454
1983 10 30 1200 600 40.78 -74.67 2.4160294090321517 703
1983 10 30 1200 300 42.67 -81.15 0.0 454
1983 10 30 1500 300 42.67 -81.15 0.0 454
1983 10 30 1800 600 40.78 -74.67 0.0 703
1983 10 30 1800 300 42.67 -81.15 0.0 454
1983 10 30 2100 300 42.67 -81.15 0.0 454
1983 10 31 0 600 40.78 -74.67 76.22618056268638 703
1983 10 31 600 600 40.78 -74.67 572.5289678874076 703
