Yr Mo Da Hr dur Lat Lon Calc Site
1983 9 25 1800 300 40.38 -80.63 0.0 306
1983 9 25 1800 300 40.77 -80.75 0.0 308
1983 9 25 1800 300 40.92 -81.43 0.0 310
1983 9 25 1800 300 41.3 -81.15 0.0 312
1983 9 25 1800 300 41.42 -81.87 0.0 314
1983 9 25 1800 300 41.3 -82.22 0.0 316
1983 9 25 1800 300 41.27 -82.62 0.0 318
1983 9 25 1800 300 41.33 -83.12 0.0 320
1983 9 25 1800 600 40.2 -78.25 0.0 502
1983 9 25 2100 300 40.38 -80.63 0.0 306
1983 9 25 2100 300 40.77 -80.75 0.0 308
1983 9 25 2100 300 40.92 -81.43 0.0 310
1983 9 25 2100 300 41.3 -81.15 0.0 312
1983 9 25 2100 300 41.42 -81.87 0.0 314
1983 9 25 2100 300 41.3 -82.22 0.0 316
1983 9 25 2100 300 41.27 -82.62 0.0 318
1983 9 25 2100 300 41.33 -83.12 0.0 320
1983 9 25 2100 600 40.0 -79.08 0.0 402
1983 9 25 2100 600 40.43 -79.15 0.0 404
1983 9 25 2100 600 40.82 -79.53 0.0 406
1983 9 25 2100 600 41.2 -79.43 0.0 408
1983 9 25 2100 600 41.63 -79.7 0.0 410
1983 9 25 2100 600 42.08 -80.18 0.0 412
1983 9 25 2100 600 42.6 -80.5 0.0 452
1983 9 25 2100 600 42.67 -81.15 0.0 454
1983 9 25 2100 600 42.7 -82.35 0.0 456
1983 9 25 2100 600 40.67 -78.23 0.0 504
1983 9 25 2100 600 41.8 -78.63 0.0 508
1983 9 25 2100 600 42.48 -78.93 0.0 512
1983 9 25 2100 600 43.52 -79.92 0.0 554
1983 9 25 2100 600 43.98 -80.75 0.0 556
1983 9 26 0 300 40.38 -80.63 0.0 306
1983 9 26 0 300 40.77 -80.75 0.0 308
1983 9 26 0 300 40.92 -81.43 0.0 310
1983 9 26 0 300 41.3 -81.15 0.0 312
1983 9 26 0 300 41.42 -81.87 16.736896223537332 314
1983 9 26 0 300 41.3 -82.22 7.0442763475290615 316
1983 9 26 0 300 41.27 -82.62 9.162608007753379 318
1983 9 26 0 300 41.33 -83.12 0.0 320
1983 9 26 0 600 40.2 -78.25 0.0 502
1983 9 26 300 300 40.38 -80.63 0.0 306
1983 9 26 300 300 40.77 -80.75 0.0 308
1983 9 26 300 300 40.92 -81.43 0.0 310
1983 9 26 300 300 41.3 -81.15 29.726528806284865 312
1983 9 26 300 300 41.42 -81.87 1022.547554268053 314
1983 9 26 300 300 41.3 -82.22 831.8699680999326 316
1983 9 26 300 300 41.27 -82.62 660.815911770961 318
1983 9 26 300 300 41.33 -83.12 8.633188143690088 320
1983 9 26 300 600 40.0 -79.08 0.0 402
1983 9 26 300 600 40.43 -79.15 0.0 404
1983 9 26 300 600 40.82 -79.53 0.0 406
1983 9 26 300 600 41.2 -79.43 0.0 408
1983 9 26 300 600 42.08 -80.18 159.24249191706733 412
1983 9 26 300 600 42.6 -80.5 123.56014134031521 452
1983 9 26 300 600 42.67 -81.15 73.12372292884965 454
1983 9 26 300 600 42.7 -82.35 0.0 456
1983 9 26 300 600 40.67 -78.23 0.0 504
1983 9 26 300 600 41.8 -78.63 0.0 508
1983 9 26 300 600 42.48 -78.93 3.121924702658232 512
1983 9 26 300 600 43.18 -79.4 0.0 552
1983 9 26 300 600 43.52 -79.92 0.0 554
1983 9 26 300 600 43.98 -80.75 0.0 556
1983 9 26 300 600 39.92 -76.75 0.0 602
1983 9 26 300 600 40.48 -77.13 0.0 604
1983 9 26 300 600 41.98 -77.57 0.0 608
1983 9 26 300 600 42.88 -78.03 0.0 612
1983 9 26 300 600 43.03 -78.18 0.0 614
1983 9 26 300 600 43.92 -78.67 0.0 652
1983 9 26 300 600 44.23 -78.37 0.0 653
1983 9 26 300 600 44.62 -79.53 0.0 654
1983 9 26 600 300 40.38 -80.63 0.0 306
1983 9 26 600 300 40.77 -80.75 0.0 308
1983 9 26 600 300 40.92 -81.43 11.910597518989716 310
1983 9 26 600 300 41.3 -81.15 204.5334408823378 312
1983 9 26 600 300 41.42 -81.87 3626.143653938819 314
1983 9 26 600 300 41.3 -82.22 3615.936335234073 316
1983 9 26 600 300 41.27 -82.62 2998.1744141795493 318
1983 9 26 600 300 41.33 -83.12 16.41196208375339 320
1983 9 26 600 600 40.2 -78.25 0.0 502
1983 9 26 900 300 40.38 -80.63 0.0 306
1983 9 26 900 300 40.77 -80.75 1.7247259383812326 308
1983 9 26 900 300 40.92 -81.43 282.1119290652025 310
1983 9 26 900 300 41.3 -81.15 2203.606458658859 312
1983 9 26 900 300 41.42 -81.87 3287.677635216269 314
1983 9 26 900 300 41.3 -82.22 8138.039723692884 316
1983 9 26 900 300 41.27 -82.62 2516.663115249882 318
1983 9 26 900 300 41.33 -83.12 7.777383262478751 320
1983 9 26 900 600 40.0 -79.08 0.0 402
1983 9 26 900 600 40.43 -79.15 0.0 404
1983 9 26 900 600 40.82 -79.53 5.7102298424476325 406
1983 9 26 900 600 41.2 -79.43 11.02329036593643 408
1983 9 26 900 600 41.63 -79.7 273.26739144733864 410
1983 9 26 900 600 42.08 -80.18 1849.7498558444597 412
1983 9 26 900 600 42.6 -80.5 570.3868804870133 452
1983 9 26 900 600 42.67 -81.15 1.5789755330820392 454
1983 9 26 900 600 42.7 -82.35 0.0 456
1983 9 26 900 600 40.67 -78.23 0.0 504
1983 9 26 900 600 41.8 -78.63 9.81419539135936 508
1983 9 26 900 600 42.48 -78.93 288.55321386520114 512
1983 9 26 900 600 43.18 -79.4 200.24667520381124 552
1983 9 26 900 600 43.52 -79.92 0.0 554
1983 9 26 900 600 43.98 -80.75 0.0 556
1983 9 26 900 600 39.92 -76.75 0.0 602
1983 9 26 900 600 40.48 -77.13 0.0 604
1983 9 26 900 600 41.98 -77.57 12.1083758942772 608
1983 9 26 900 600 42.88 -78.03 55.69180000266695 612
1983 9 26 900 600 43.03 -78.18 123.60821778023555 614
1983 9 26 900 600 43.92 -78.67 0.0 652
1983 9 26 900 600 44.23 -78.37 0.0 653
1983 9 26 900 600 44.62 -79.53 0.0 654
1983 9 26 900 600 41.02 -75.9 0.0 704
1983 9 26 900 600 41.83 -75.87 0.0 706
1983 9 26 900 600 42.45 -76.45 0.0 708
1983 9 26 900 600 43.98 -77.22 0.0 752
1983 9 26 900 600 44.68 -77.15 0.0 753
1983 9 26 900 600 44.28 -77.78 0.0 754
1983 9 26 900 600 39.93 -74.7 0.0 802
1983 9 26 900 600 40.45 -74.8 0.0 803
1983 9 26 900 600 40.9 -74.6 0.0 804
1983 9 26 900 600 41.3 -74.67 0.0 805
1983 9 26 900 600 41.63 -74.8 0.0 806
1983 9 26 900 600 42.08 -74.97 0.0 807
1983 9 26 900 600 42.47 -75.07 0.0 808
1983 9 26 900 600 43.23 -75.4 0.0 810
1983 9 26 900 600 43.58 -75.52 0.0 811
1983 9 26 900 600 44.0 -76.02 0.0 812
1983 9 26 900 600 44.48 -76.03 0.0 852
1983 9 26 1200 600 40.2 -78.25 0.0 502
1983 9 26 1200 600 43.07 -76.83 71.56112922944449 710
1983 9 26 1500 600 40.0 -79.08 0.0 402
1983 9 26 1500 600 40.43 -79.15 0.0 404
1983 9 26 1500 600 40.82 -79.53 47.47913483505306 406
1983 9 26 1500 600 41.2 -79.43 164.33810324050233 408
1983 9 26 1500 600 41.63 -79.7 706.7806499967128 410
1983 9 26 1500 600 42.08 -80.18 362.29641603290577 412
1983 9 26 1500 600 42.6 -80.5 0.0 452
1983 9 26 1500 600 42.67 -81.15 0.0 454
1983 9 26 1500 600 42.7 -82.35 0.0 456
1983 9 26 1500 600 40.67 -78.23 0.0 504
1983 9 26 1500 600 41.8 -78.63 980.4836971691988 508
1983 9 26 1500 600 42.25 -78.8 685.940087462427 510
1983 9 26 1500 600 42.48 -78.93 1151.3240509360112 512
1983 9 26 1500 600 43.18 -79.4 41.1315910913986 552
1983 9 26 1500 600 43.52 -79.92 0.0 554
1983 9 26 1500 600 43.98 -80.75 0.0 556
1983 9 26 1500 600 39.92 -76.75 0.0 602
1983 9 26 1500 600 40.48 -77.13 0.0 604
1983 9 26 1500 600 41.98 -77.57 468.0059305592053 608
1983 9 26 1500 600 42.88 -78.03 1130.2507859884204 612
1983 9 26 1500 600 43.03 -78.18 694.4043950986679 614
1983 9 26 1500 600 43.92 -78.67 6.493858417638059 652
1983 9 26 1500 600 44.23 -78.37 0.0 653
1983 9 26 1500 600 44.62 -79.53 0.0 654
1983 9 26 1500 600 41.02 -75.9 18.63565500922922 704
1983 9 26 1500 600 41.83 -75.87 175.34601446886614 706
1983 9 26 1500 600 42.45 -76.45 296.00394240030215 708
1983 9 26 1500 600 43.98 -77.22 96.95183632923492 752
1983 9 26 1500 600 44.68 -77.15 0.0 753
1983 9 26 1500 600 44.28 -77.78 0.0 754
1983 9 26 1500 600 39.93 -74.7 0.0 802
1983 9 26 1500 600 40.45 -74.8 0.0 803
1983 9 26 1500 600 40.9 -74.6 0.0 804
1983 9 26 1500 600 41.3 -74.67 0.0 805
1983 9 26 1500 600 41.63 -74.8 21.442055048466212 806
1983 9 26 1500 600 42.08 -74.97 8.225409349207741 807
1983 9 26 1500 600 42.47 -75.07 77.08923211264474 808
1983 9 26 1500 600 43.23 -75.4 29.936942925413113 810
1983 9 26 1500 600 43.58 -75.52 4.346346887084671 811
1983 9 26 1500 600 44.0 -76.02 3.0950586331627954 812
1983 9 26 1500 600 44.48 -76.03 2.5778625673221858 852
1983 9 26 1500 600 40.67 -73.52 0.0 902
1983 9 26 1500 600 43.05 -74.2 5.60582669236438 908
1983 9 26 1500 600 44.8 -75.0 0.0 912
1983 9 26 1500 600 45.55 -75.52 0.0 952
1983 9 26 1800 600 40.2 -78.25 0.0 502
1983 9 26 1800 600 43.07 -76.83 1345.758992429612 710
1983 9 26 2100 600 40.0 -79.08 0.0 402
1983 9 26 2100 600 40.43 -79.15 0.0 404
1983 9 26 2100 600 40.82 -79.53 8.517174443665537 406
1983 9 26 2100 600 41.2 -79.43 70.47497004295944 408
1983 9 26 2100 600 41.63 -79.7 162.1839966406668 410
1983 9 26 2100 600 42.08 -80.18 17.08798718806376 412
1983 9 26 2100 600 42.6 -80.5 0.0 452
1983 9 26 2100 600 42.67 -81.15 0.0 454
1983 9 26 2100 600 42.7 -82.35 0.0 456
1983 9 26 2100 600 40.67 -78.23 2.5864698477475128 504
1983 9 26 2100 600 41.8 -78.63 590.6437598096828 508
1983 9 26 2100 600 42.25 -78.8 81.39323932160137 510
1983 9 26 2100 600 42.48 -78.93 20.06224001767207 512
1983 9 26 2100 600 43.18 -79.4 0.0 552
1983 9 26 2100 600 43.52 -79.92 0.0 554
1983 9 26 2100 600 43.98 -80.75 0.0 556
1983 9 26 2100 600 39.92 -76.75 0.0 602
1983 9 26 2100 600 40.48 -77.13 7.031619933847768 604
1983 9 26 2100 600 41.98 -77.57 1073.8487655407039 608
1983 9 26 2100 600 42.88 -78.03 462.2330597512818 612
1983 9 26 2100 600 43.03 -78.18 116.18190755019008 614
1983 9 26 2100 600 43.92 -78.67 3.543373906873092 652
1983 9 26 2100 600 44.23 -78.37 11.260131218885984 653
1983 9 26 2100 600 44.62 -79.53 0.0 654
1983 9 26 2100 600 40.37 -75.93 22.73780209166304 702
1983 9 26 2100 600 40.78 -74.67 5.0147886148657905 703
1983 9 26 2100 600 41.02 -75.9 17.212645511251942 704
1983 9 26 2100 600 41.83 -75.87 129.82273668772814 706
1983 9 26 2100 600 42.45 -76.45 1744.4302475246252 708
1983 9 26 2100 600 43.98 -77.22 341.9614469777066 752
1983 9 26 2100 600 44.28 -77.78 15.965763918280583 754
1983 9 26 2100 600 39.93 -74.7 0.0 802
1983 9 26 2100 600 40.45 -74.8 0.0 803
1983 9 26 2100 600 40.9 -74.6 5.351855847217576 804
1983 9 26 2100 600 41.3 -74.67 62.297321795952854 805
1983 9 26 2100 600 41.63 -74.8 54.551059802703755 806
1983 9 26 2100 600 42.08 -74.97 144.13113644627438 807
1983 9 26 2100 600 42.47 -75.07 373.1614317677678 808
1983 9 26 2100 600 43.23 -75.4 514.9997492354636 810
1983 9 26 2100 600 43.58 -75.52 122.65010929461852 811
1983 9 26 2100 600 44.0 -76.02 247.3994159783158 812
1983 9 26 2100 600 44.48 -76.03 71.2352206095757 852
1983 9 26 2100 600 40.67 -73.52 0.0 902
1983 9 26 2100 600 41.27 -73.8 13.724841248499278 904
1983 9 26 2100 600 43.05 -74.2 379.37032985572336 908
1983 9 26 2100 600 43.97 -74.1 60.68345380835504 910
1983 9 26 2100 600 44.8 -75.0 87.10201047249731 912
1983 9 26 2100 600 45.55 -75.52 27.003501734142173 952
1983 9 26 2100 600 41.1 -72.37 0.0 2
1983 9 26 2100 600 43.03 -72.8 32.320697199651775 6
1983 9 26 2100 600 43.95 -73.22 3.6483097506671958 8
1983 9 26 2100 600 44.9 -73.8 0.0 10
1983 9 27 0 600 40.2 -78.25 2.2287340278482266 502
1983 9 27 0 600 43.07 -76.83 6185.416126181691 710
1983 9 27 300 600 40.0 -79.08 0.0 402
1983 9 27 300 600 40.43 -79.15 0.0 404
1983 9 27 300 600 40.82 -79.53 1.1537653936001133 406
1983 9 27 300 600 41.2 -79.43 4.645566833868262 408
1983 9 27 300 600 41.63 -79.7 3.2196322203050665 410
1983 9 27 300 600 42.08 -80.18 0.0 412
1983 9 27 300 600 42.6 -80.5 0.0 452
1983 9 27 300 600 42.67 -81.15 0.0 454
1983 9 27 300 600 42.7 -82.35 0.0 456
1983 9 27 300 600 40.67 -78.23 10.030998240254736 504
1983 9 27 300 600 41.8 -78.63 31.821973257639392 508
1983 9 27 300 600 42.25 -78.8 198.94553019489067 510
1983 9 27 300 600 42.48 -78.93 72.64647793118802 512
1983 9 27 300 600 43.18 -79.4 1.623144851693254 552
1983 9 27 300 600 43.52 -79.92 0.0 554
1983 9 27 300 600 43.98 -80.75 0.0 556
1983 9 27 300 600 39.92 -76.75 2.62001386425708 602
1983 9 27 300 600 40.48 -77.13 122.40762123500528 604
1983 9 27 300 600 41.98 -77.57 965.1528952191957 608
1983 9 27 300 600 42.88 -78.03 156.03384407890627 612
1983 9 27 300 600 43.03 -78.18 70.23238823188913 614
1983 9 27 300 600 43.92 -78.67 0.0 652
1983 9 27 300 600 44.23 -78.37 0.0 653
1983 9 27 300 600 44.62 -79.53 0.0 654
1983 9 27 300 600 40.37 -75.93 42.85352876675888 702
1983 9 27 300 600 40.78 -74.67 43.40584983402876 703
1983 9 27 300 600 41.02 -75.9 75.53549228448415 704
1983 9 27 300 600 41.83 -75.87 393.3737149782993 706
1983 9 27 300 600 42.45 -76.45 2847.0486950235872 708
1983 9 27 300 600 43.98 -77.22 49.346394230210926 752
1983 9 27 300 600 44.28 -77.78 0.0 754
1983 9 27 300 600 39.93 -74.7 6.442086695872118 802
1983 9 27 300 600 40.45 -74.8 13.348059383081216 803
1983 9 27 300 600 40.9 -74.6 72.3462336079089 804
1983 9 27 300 600 41.3 -74.67 137.60045068120178 805
1983 9 27 300 600 41.63 -74.8 246.01619202011204 806
1983 9 27 300 600 42.08 -74.97 65.51205138052248 807
1983 9 27 300 600 42.47 -75.07 212.3711477041207 808
1983 9 27 300 600 43.23 -75.4 761.5484613597125 810
1983 9 27 300 600 43.58 -75.52 224.97356761747 811
1983 9 27 300 600 44.48 -76.03 344.7063993697622 852
1983 9 27 300 600 40.67 -73.52 20.422266759356667 902
1983 9 27 300 600 41.27 -73.8 131.94562737950497 904
1983 9 27 300 600 43.05 -74.2 4393.021838105077 908
1983 9 27 300 600 43.97 -74.1 600.7790782953473 910
1983 9 27 300 600 44.8 -75.0 357.4351459307329 912
1983 9 27 300 600 45.55 -75.52 55.99210774800084 952
1983 9 27 300 600 41.1 -72.37 121.54082249463536 2
1983 9 27 300 600 43.03 -72.8 117.01164463075175 6
1983 9 27 300 600 43.95 -73.22 578.6150925920784 8
1983 9 27 300 600 44.9 -73.8 329.6114655325325 10
1983 9 27 300 600 45.98 -74.0 13.916949568362291 52
1983 9 27 300 600 41.73 -71.43 38.04785734214257 102
1983 9 27 300 600 44.4 -71.18 3.56605825320596 107
1983 9 27 300 600 44.93 -72.2 0.0 108
1983 9 27 300 600 46.07 -72.58 4.717629244066142 152
1983 9 27 600 600 43.07 -76.83 992.0396591440006 710
1983 9 27 900 600 42.25 -78.8 2.404931981336006 510
1983 9 27 900 600 43.18 -79.4 1.171902557864228 552
1983 9 27 900 600 39.92 -76.75 174.97863324132555 602
1983 9 27 900 600 40.48 -77.13 209.1409563133753 604
1983 9 27 900 600 41.98 -77.57 117.42009871474002 608
1983 9 27 900 600 42.88 -78.03 176.83874738318116 612
1983 9 27 900 600 43.03 -78.18 88.4422540255847 614
1983 9 27 900 600 43.92 -78.67 0.0 652
1983 9 27 900 600 44.23 -78.37 0.0 653
1983 9 27 900 600 44.62 -79.53 0.0 654
1983 9 27 900 600 40.37 -75.93 598.8052393253016 702
1983 9 27 900 600 40.78 -74.67 1002.266331783132 703
1983 9 27 900 600 41.02 -75.9 687.8662859983193 704
1983 9 27 900 600 41.83 -75.87 458.34655241954937 706
1983 9 27 900 600 42.45 -76.45 1044.1843292884505 708
1983 9 27 900 600 43.98 -77.22 5.482409587043565 752
1983 9 27 900 600 44.28 -77.78 0.0 754
1983 9 27 900 600 39.93 -74.7 99.68659045535813 802
1983 9 27 900 600 40.45 -74.8 644.0504119194756 803
1983 9 27 900 600 40.9 -74.6 1138.937581550967 804
1983 9 27 900 600 41.3 -74.67 1058.1273853148377 805
1983 9 27 900 600 41.63 -74.8 581.4640725171778 806
1983 9 27 900 600 42.08 -74.97 104.80377040312263 807
1983 9 27 900 600 42.47 -75.07 125.90232110425696 808
1983 9 27 900 600 43.23 -75.4 526.8959993062655 810
1983 9 27 900 600 43.58 -75.52 131.91321602564574 811
1983 9 27 900 600 44.48 -76.03 14.312028712187708 852
1983 9 27 900 600 40.67 -73.52 189.54436011776448 902
1983 9 27 900 600 41.27 -73.8 1032.1257004670742 904
1983 9 27 900 600 43.05 -74.2 1375.1570796107417 908
1983 9 27 900 600 43.97 -74.1 206.5931566224671 910
1983 9 27 900 600 44.8 -75.0 197.49652028667595 912
1983 9 27 900 600 45.55 -75.52 20.472228442926035 952
1983 9 27 900 600 41.1 -72.37 298.42986637543197 2
1983 9 27 900 600 43.03 -72.8 516.3996109336789 6
1983 9 27 900 600 43.95 -73.22 1446.1235286431224 8
1983 9 27 900 600 44.9 -73.8 227.46007008062367 10
1983 9 27 900 600 45.98 -74.0 9.687961001846588 52
1983 9 27 900 600 41.73 -71.43 303.8046537657992 102
1983 9 27 900 600 44.4 -71.18 57.01860019641737 107
1983 9 27 900 600 44.93 -72.2 36.700000499591546 108
1983 9 27 900 600 46.07 -72.58 28.58535577873089 152
1983 9 27 1200 600 43.07 -76.83 49.72398985744875 710
1983 9 27 1500 600 42.25 -78.8 0.0 510
1983 9 27 1500 600 40.37 -75.93 292.48418201270357 702
1983 9 27 1500 600 40.78 -74.67 224.58516172296288 703
1983 9 27 1500 600 41.02 -75.9 76.61609548717445 704
1983 9 27 1500 600 41.83 -75.87 35.39541178046644 706
1983 9 27 1500 600 42.45 -76.45 3.4855138159665593 708
1983 9 27 1500 600 43.98 -77.22 0.0 752
1983 9 27 1500 600 44.28 -77.78 0.0 754
1983 9 27 1500 600 39.93 -74.7 280.0351974005275 802
1983 9 27 1500 600 40.45 -74.8 284.9344852111287 803
1983 9 27 1500 600 40.9 -74.6 195.52332000264917 804
1983 9 27 1500 600 41.3 -74.67 82.61083812380465 805
1983 9 27 1500 600 41.63 -74.8 74.75674386589338 806
1983 9 27 1500 600 42.08 -74.97 75.22307346602048 807
1983 9 27 1500 600 42.47 -75.07 41.077437258712955 808
1983 9 27 1500 600 43.23 -75.4 15.445164822489952 810
1983 9 27 1500 600 43.58 -75.52 2.027596056854657 811
1983 9 27 1500 600 44.48 -76.03 0.0 852
1983 9 27 1500 600 40.67 -73.52 389.21967749530614 902
1983 9 27 1500 600 41.27 -73.8 211.5780036352239 904
1983 9 27 1500 600 43.05 -74.2 78.47987144250503 908
1983 9 27 1500 600 43.97 -74.1 2.4556490535437656 910
1983 9 27 1500 600 44.8 -75.0 0.0 912
1983 9 27 1500 600 45.55 -75.52 0.0 952
1983 9 27 1500 600 41.1 -72.37 384.4372017263168 2
1983 9 27 1500 600 43.03 -72.8 124.37903759943873 6
1983 9 27 1500 600 43.95 -73.22 6.010334084013485 8
1983 9 27 1500 600 44.9 -73.8 1.6216782729314652 10
1983 9 27 1500 600 45.98 -74.0 0.0 52
1983 9 27 1500 600 41.73 -71.43 294.15176255477564 102
1983 9 27 1500 600 44.4 -71.18 24.814336952120907 107
1983 9 27 1500 600 44.93 -72.2 13.225129303562698 108
1983 9 27 1500 600 46.07 -72.58 0.0 152
1983 9 27 1800 600 43.07 -76.83 0.0 710
1983 9 27 2100 600 42.25 -78.8 0.0 510
1983 9 27 2100 600 40.37 -75.93 120.62554645995296 702
1983 9 27 2100 600 40.78 -74.67 292.93826732775625 703
1983 9 27 2100 600 40.67 -73.52 374.02892150278393 902
1983 9 27 2100 600 41.27 -73.8 169.74330710062804 904
1983 9 27 2100 600 43.05 -74.2 7.094972293852628 908
1983 9 27 2100 600 43.97 -74.1 0.0 910
1983 9 27 2100 600 44.8 -75.0 0.0 912
1983 9 27 2100 600 45.55 -75.52 0.0 952
1983 9 27 2100 600 41.1 -72.37 402.0335540579259 2
1983 9 27 2100 600 43.03 -72.8 29.169195726043217 6
1983 9 27 2100 600 43.95 -73.22 1.6260644158713666 8
1983 9 27 2100 600 44.9 -73.8 0.0 10
1983 9 27 2100 600 45.98 -74.0 0.0 52
1983 9 27 2100 600 41.73 -71.43 367.1513647399889 102
1983 9 27 2100 600 44.4 -71.18 15.825182010999391 107
1983 9 27 2100 600 44.93 -72.2 1.459257250303975 108
1983 9 27 2100 600 46.07 -72.58 0.0 152
