Yr Mo Da Hr dur Lat Lon Calc Site
1983 10 2 2100 300 40.38 -80.63 0.0 306
1983 10 2 2100 300 40.77 -80.75 0.0 308
1983 10 2 2100 300 40.92 -81.43 0.0 310
1983 10 2 2100 300 41.3 -81.15 0.0 312
1983 10 2 2100 300 41.42 -81.87 0.0 314
1983 10 2 2100 300 41.3 -82.22 0.0 316
1983 10 2 2100 300 41.27 -82.62 0.0 318
1983 10 2 2100 300 41.33 -83.12 0.0 320
1983 10 2 2100 600 42.7 -82.35 0.0 456
1983 10 3 0 300 40.38 -80.63 0.0 306
1983 10 3 0 300 40.77 -80.75 0.0 308
1983 10 3 0 300 40.92 -81.43 0.0 310
1983 10 3 0 300 41.3 -81.15 0.0 312
1983 10 3 0 300 41.42 -81.87 0.0 314
1983 10 3 0 300 41.3 -82.22 2.1157038839418445 316
1983 10 3 0 300 41.27 -82.62 86.95502943111077 318
1983 10 3 0 300 41.33 -83.12 729.8106619853829 320
1983 10 3 0 600 40.0 -79.08 0.0 402
1983 10 3 0 600 40.43 -79.15 0.0 404
1983 10 3 0 600 40.82 -79.53 0.0 406
1983 10 3 0 600 41.2 -79.43 0.0 408
1983 10 3 0 600 41.63 -79.7 0.0 410
1983 10 3 0 600 42.08 -80.18 0.0 412
1983 10 3 0 600 42.6 -80.5 0.0 452
1983 10 3 0 600 42.67 -81.15 0.0 454
1983 10 3 0 600 40.2 -78.25 0.0 502
1983 10 3 0 600 40.67 -78.23 0.0 504
1983 10 3 0 600 41.8 -78.63 0.0 508
1983 10 3 0 600 42.25 -78.8 0.0 510
1983 10 3 0 600 42.48 -78.93 0.0 512
1983 10 3 0 600 43.18 -79.4 0.0 552
1983 10 3 0 600 43.98 -80.75 0.0 556
1983 10 3 300 300 40.38 -80.63 0.0 306
1983 10 3 300 300 40.77 -80.75 0.0 308
1983 10 3 300 300 40.92 -81.43 25.58902981928784 310
1983 10 3 300 300 41.3 -81.15 35.6733479168402 312
1983 10 3 300 300 41.42 -81.87 1144.958329721272 314
1983 10 3 300 300 41.3 -82.22 2075.3532028129703 316
1983 10 3 300 300 41.27 -82.62 7650.943654937877 318
1983 10 3 300 300 41.33 -83.12 17523.0962142698 320
1983 10 3 300 600 42.7 -82.35 488.35007198698264 456
1983 10 3 300 600 45.98 -74.0 0.0 52
1983 10 3 600 300 40.38 -80.63 11.136527206238473 306
1983 10 3 600 300 40.77 -80.75 59.2535865004921 308
1983 10 3 600 300 40.92 -81.43 64.22998228949838 310
1983 10 3 600 300 41.3 -81.15 626.5789974691 312
1983 10 3 600 300 41.42 -81.87 1313.8709767400728 314
1983 10 3 600 300 41.3 -82.22 515.5875370822894 316
1983 10 3 600 300 41.27 -82.62 443.0784486461846 318
1983 10 3 600 300 41.33 -83.12 288.7048403220581 320
1983 10 3 600 600 40.0 -79.08 8.313879010773709 402
1983 10 3 600 600 40.43 -79.15 13.480705309631656 404
1983 10 3 600 600 40.82 -79.53 28.348023957891286 406
1983 10 3 600 600 41.2 -79.43 30.9785301614806 408
1983 10 3 600 600 41.63 -79.7 132.05000162294974 410
1983 10 3 600 600 42.08 -80.18 829.2293177112433 412
1983 10 3 600 600 42.6 -80.5 893.2896907161426 452
1983 10 3 600 600 42.67 -81.15 1009.2945534349694 454
1983 10 3 600 600 40.2 -78.25 0.0 502
1983 10 3 600 600 40.67 -78.23 0.0 504
1983 10 3 600 600 41.8 -78.63 13.53170799661798 508
1983 10 3 600 600 42.25 -78.8 27.066865786552345 510
1983 10 3 600 600 42.48 -78.93 45.60777344037748 512
1983 10 3 600 600 43.18 -79.4 60.7672136162707 552
1983 10 3 600 600 43.98 -80.75 3.15717665183768 556
1983 10 3 600 600 39.92 -76.75 0.0 602
1983 10 3 600 600 40.48 -77.13 0.0 604
1983 10 3 600 600 41.25 -76.92 0.0 606
1983 10 3 600 600 41.98 -77.57 0.0 608
1983 10 3 600 600 42.88 -78.03 0.0 612
1983 10 3 600 600 43.03 -78.18 0.0 614
1983 10 3 600 600 44.23 -78.37 0.0 653
1983 10 3 600 600 44.62 -79.53 0.0 654
1983 10 3 600 600 40.37 -75.93 0.0 702
1983 10 3 600 600 41.02 -75.9 0.0 704
1983 10 3 600 600 41.83 -75.87 0.0 706
1983 10 3 600 600 42.45 -76.45 0.0 708
1983 10 3 600 600 43.98 -77.22 0.0 752
1983 10 3 600 600 44.68 -77.15 0.0 753
1983 10 3 600 600 44.28 -77.78 0.0 754
1983 10 3 900 300 40.38 -80.63 4.73669363538218 306
1983 10 3 900 300 40.77 -80.75 13.908191811982313 308
1983 10 3 900 300 40.92 -81.43 0.0 310
1983 10 3 900 300 41.3 -81.15 19.97479457131603 312
1983 10 3 900 300 41.42 -81.87 0.0 314
1983 10 3 900 300 41.3 -82.22 0.0 316
1983 10 3 900 300 41.27 -82.62 0.0 318
1983 10 3 900 300 41.33 -83.12 0.0 320
1983 10 3 900 600 42.7 -82.35 3220.6751714792813 456
1983 10 3 900 600 45.98 -74.0 0.0 52
1983 10 3 1200 300 40.38 -80.63 1.8054465795196575 306
1983 10 3 1200 300 40.77 -80.75 1.363866788387506 308
1983 10 3 1200 300 40.92 -81.43 0.0 310
1983 10 3 1200 300 41.3 -81.15 0.0 312
1983 10 3 1200 300 41.42 -81.87 0.0 314
1983 10 3 1200 300 41.3 -82.22 0.0 316
1983 10 3 1200 300 41.27 -82.62 0.0 318
1983 10 3 1200 300 41.33 -83.12 0.0 320
1983 10 3 1200 600 40.0 -79.08 48.475413111891804 402
1983 10 3 1200 600 40.43 -79.15 69.22713179170405 404
1983 10 3 1200 600 40.82 -79.53 40.56393878498304 406
1983 10 3 1200 600 41.2 -79.43 19.959269008851102 408
1983 10 3 1200 600 41.63 -79.7 5.664301445437437 410
1983 10 3 1200 600 42.08 -80.18 11.104977253561438 412
1983 10 3 1200 600 42.6 -80.5 62.76949760795466 452
1983 10 3 1200 600 42.67 -81.15 37.74496544344528 454
1983 10 3 1200 600 40.2 -78.25 270.2043702491522 502
1983 10 3 1200 600 40.67 -78.23 248.01089822945235 504
1983 10 3 1200 600 41.8 -78.63 135.55744146585965 508
1983 10 3 1200 600 42.25 -78.8 194.41628735810258 510
1983 10 3 1200 600 42.48 -78.93 207.0153921187216 512
1983 10 3 1200 600 43.18 -79.4 709.7687227992095 552
1983 10 3 1200 600 39.92 -76.75 4.849144048271945 602
1983 10 3 1200 600 40.48 -77.13 179.8195454651127 604
1983 10 3 1200 600 41.98 -77.57 333.1771907141164 608
1983 10 3 1200 600 42.88 -78.03 271.0126942182542 612
1983 10 3 1200 600 43.03 -78.18 295.3990514051196 614
1983 10 3 1200 600 43.92 -78.67 469.88516857470876 652
1983 10 3 1200 600 44.23 -78.37 356.78008829860295 653
1983 10 3 1200 600 44.62 -79.53 272.2856968271056 654
1983 10 3 1200 600 40.37 -75.93 0.0 702
1983 10 3 1200 600 40.78 -74.67 0.0 703
1983 10 3 1200 600 41.02 -75.9 10.012808700031526 704
1983 10 3 1200 600 41.83 -75.87 44.00751162772569 706
1983 10 3 1200 600 42.45 -76.45 249.24819108133497 708
1983 10 3 1200 600 43.07 -76.83 253.73492663951387 710
1983 10 3 1200 600 43.98 -77.22 168.66190682105903 752
1983 10 3 1200 600 44.68 -77.15 139.35599956824194 753
1983 10 3 1200 600 44.28 -77.78 310.43056815702124 754
1983 10 3 1200 600 39.93 -74.7 0.0 802
1983 10 3 1200 600 40.9 -74.6 0.0 804
1983 10 3 1200 600 41.3 -74.67 0.0 805
1983 10 3 1200 600 42.08 -74.97 0.0 807
1983 10 3 1200 600 42.47 -75.07 1.0145227285513443 808
1983 10 3 1200 600 42.92 -75.12 1.0347028615924583 809
1983 10 3 1200 600 43.23 -75.4 2.2394186887663174 810
1983 10 3 1200 600 43.58 -75.52 1.4611175211394154 811
1983 10 3 1200 600 44.48 -76.03 25.085394287854925 852
1983 10 3 1200 600 40.67 -73.52 0.0 902
1983 10 3 1200 600 41.27 -73.8 0.0 904
1983 10 3 1200 600 43.05 -74.2 0.0 908
1983 10 3 1200 600 43.97 -74.1 0.0 910
1983 10 3 1200 600 44.8 -75.0 1.1645624914399126 912
1983 10 3 1200 600 45.55 -75.52 3.82587231849316 952
1983 10 3 1200 600 43.03 -72.8 0.0 6
1983 10 3 1200 600 43.95 -73.22 0.0 8
1983 10 3 1200 600 44.9 -73.8 0.0 10
1983 10 3 1500 600 42.7 -82.35 0.0 456
1983 10 3 1500 600 41.95 -72.3 0.0 4
1983 10 3 1500 600 45.98 -74.0 12.21835337860575 52
1983 10 3 1800 600 40.0 -79.08 0.0 402
1983 10 3 1800 600 40.43 -79.15 0.0 404
1983 10 3 1800 600 40.82 -79.53 0.0 406
1983 10 3 1800 600 41.63 -79.7 0.0 410
1983 10 3 1800 600 42.08 -80.18 0.0 412
1983 10 3 1800 600 42.6 -80.5 0.0 452
1983 10 3 1800 600 42.67 -81.15 0.0 454
1983 10 3 1800 600 40.2 -78.25 87.25913574913423 502
1983 10 3 1800 600 40.67 -78.23 31.311272088585458 504
1983 10 3 1800 600 41.8 -78.63 0.0 508
1983 10 3 1800 600 42.25 -78.8 0.0 510
1983 10 3 1800 600 42.48 -78.93 0.0 512
1983 10 3 1800 600 43.18 -79.4 0.0 552
1983 10 3 1800 600 43.52 -79.92 0.0 554
1983 10 3 1800 600 43.98 -80.75 0.0 556
1983 10 3 1800 600 39.92 -76.75 205.82284637250393 602
1983 10 3 1800 600 40.48 -77.13 793.5323220521382 604
1983 10 3 1800 600 41.98 -77.57 87.83424289425894 608
1983 10 3 1800 600 42.88 -78.03 0.0 612
1983 10 3 1800 600 43.03 -78.18 0.0 614
1983 10 3 1800 600 43.92 -78.67 8.235627194495303 652
1983 10 3 1800 600 44.23 -78.37 32.214087619482044 653
1983 10 3 1800 600 44.62 -79.53 49.739903110073435 654
1983 10 3 1800 600 40.37 -75.93 167.3127467374324 702
1983 10 3 1800 600 40.78 -74.67 60.188510114217365 703
1983 10 3 1800 600 41.02 -75.9 490.423262066428 704
1983 10 3 1800 600 41.83 -75.87 542.1483856472781 706
1983 10 3 1800 600 42.45 -76.45 182.31031218335187 708
1983 10 3 1800 600 43.07 -76.83 48.64134770963863 710
1983 10 3 1800 600 43.98 -77.22 76.11562502743438 752
1983 10 3 1800 600 44.68 -77.15 161.5715499129218 753
1983 10 3 1800 600 44.28 -77.78 66.1398586691049 754
1983 10 3 1800 600 39.93 -74.7 0.0 802
1983 10 3 1800 600 40.9 -74.6 82.21690848781844 804
1983 10 3 1800 600 41.3 -74.67 274.1677182755638 805
1983 10 3 1800 600 42.08 -74.97 278.82861897827894 807
1983 10 3 1800 600 42.47 -75.07 279.81141184539786 808
1983 10 3 1800 600 42.92 -75.12 222.43535580763188 809
1983 10 3 1800 600 43.23 -75.4 157.78104513347736 810
1983 10 3 1800 600 43.58 -75.52 101.69877609818822 811
1983 10 3 1800 600 44.48 -76.03 124.99895782856247 852
1983 10 3 1800 600 40.67 -73.52 0.0 902
1983 10 3 1800 600 41.27 -73.8 33.3283526872912 904
1983 10 3 1800 600 43.05 -74.2 346.2490384538145 908
1983 10 3 1800 600 43.97 -74.1 137.64797314012327 910
1983 10 3 1800 600 44.8 -75.0 141.57592811016147 912
1983 10 3 1800 600 45.55 -75.52 426.5594586098383 952
1983 10 3 1800 600 43.03 -72.8 4.099238211054601 6
1983 10 3 1800 600 43.95 -73.22 61.965148728629835 8
1983 10 3 1800 600 44.9 -73.8 126.85354053447253 10
1983 10 3 1800 600 41.73 -71.43 0.0 102
1983 10 3 1800 600 44.27 -71.3 0.0 106
1983 10 3 1800 600 44.93 -72.2 12.56782316406307 108
1983 10 3 1800 600 46.07 -72.58 28.992881150696928 152
1983 10 3 2100 600 42.7 -82.35 0.0 456
1983 10 3 2100 600 41.95 -72.3 13.433465543201459 4
1983 10 3 2100 600 45.98 -74.0 650.1656343882049 52
1983 10 3 2100 600 44.4 -71.18 20.49307008885714 107
1983 10 4 0 600 40.0 -79.08 0.0 402
1983 10 4 0 600 40.43 -79.15 0.0 404
1983 10 4 0 600 40.82 -79.53 0.0 406
1983 10 4 0 600 41.2 -79.43 0.0 408
1983 10 4 0 600 41.63 -79.7 0.0 410
1983 10 4 0 600 42.08 -80.18 0.0 412
1983 10 4 0 600 42.6 -80.5 0.0 452
1983 10 4 0 600 42.67 -81.15 0.0 454
1983 10 4 0 600 40.2 -78.25 2.5340222085364426 502
1983 10 4 0 600 40.67 -78.23 0.0 504
1983 10 4 0 600 41.8 -78.63 0.0 508
1983 10 4 0 600 42.25 -78.8 0.0 510
1983 10 4 0 600 42.48 -78.93 0.0 512
1983 10 4 0 600 43.18 -79.4 0.0 552
1983 10 4 0 600 43.52 -79.92 0.0 554
1983 10 4 0 600 43.98 -80.75 0.0 556
1983 10 4 0 600 39.92 -76.75 101.13730486664478 602
1983 10 4 0 600 40.48 -77.13 72.05400167331454 604
1983 10 4 0 600 41.98 -77.57 0.0 608
1983 10 4 0 600 42.88 -78.03 0.0 612
1983 10 4 0 600 43.03 -78.18 0.0 614
1983 10 4 0 600 43.92 -78.67 0.0 652
1983 10 4 0 600 44.23 -78.37 0.0 653
1983 10 4 0 600 40.37 -75.93 166.70356827058052 702
1983 10 4 0 600 40.78 -74.67 525.9677410991341 703
1983 10 4 0 600 41.02 -75.9 213.5529392455152 704
1983 10 4 0 600 41.83 -75.87 110.85619215216167 706
1983 10 4 0 600 42.45 -76.45 2.0194418420699547 708
1983 10 4 0 600 43.07 -76.83 0.0 710
1983 10 4 0 600 43.98 -77.22 0.0 752
1983 10 4 0 600 44.68 -77.15 3.4975699732138175 753
1983 10 4 0 600 44.28 -77.78 0.0 754
1983 10 4 0 600 39.93 -74.7 137.52634158345035 802
1983 10 4 0 600 40.9 -74.6 751.1289660204604 804
1983 10 4 0 600 41.3 -74.67 933.0507106206065 805
1983 10 4 0 600 42.08 -74.97 361.38046409776825 807
1983 10 4 0 600 42.47 -75.07 135.0645633910718 808
1983 10 4 0 600 42.92 -75.12 46.16368063593861 809
1983 10 4 0 600 43.23 -75.4 8.994384767657218 810
1983 10 4 0 600 43.58 -75.52 1.6603494966473682 811
1983 10 4 0 600 44.48 -76.03 2.2262346209352675 852
1983 10 4 0 600 40.67 -73.52 34.669167207743406 902
1983 10 4 0 600 41.27 -73.8 459.3998801597098 904
1983 10 4 0 600 43.05 -74.2 1072.1498504489134 908
1983 10 4 0 600 43.97 -74.1 257.07208547891446 910
1983 10 4 0 600 44.8 -75.0 31.994804949578604 912
1983 10 4 0 600 45.55 -75.52 427.750169934958 952
1983 10 4 0 600 43.03 -72.8 160.66875146785466 6
1983 10 4 0 600 43.95 -73.22 959.0590054365508 8
1983 10 4 0 600 44.9 -73.8 217.58152399668882 10
1983 10 4 0 600 41.73 -71.43 20.298986456659215 102
1983 10 4 0 600 44.27 -71.3 79.45464913915545 106
1983 10 4 0 600 44.93 -72.2 47.90863747938624 108
1983 10 4 0 600 46.07 -72.58 887.1770385275389 152
1983 10 4 300 600 42.7 -82.35 0.0 456
1983 10 4 300 600 41.95 -72.3 493.82503895406614 4
1983 10 4 300 600 45.98 -74.0 290.71678260179516 52
1983 10 4 300 600 44.4 -71.18 189.56921116539345 107
1983 10 4 600 600 40.0 -79.08 0.0 402
1983 10 4 600 600 40.43 -79.15 0.0 404
1983 10 4 600 600 40.82 -79.53 0.0 406
1983 10 4 600 600 41.2 -79.43 0.0 408
1983 10 4 600 600 42.08 -80.18 0.0 412
1983 10 4 600 600 42.6 -80.5 0.0 452
1983 10 4 600 600 42.67 -81.15 0.0 454
1983 10 4 600 600 40.2 -78.25 0.0 502
1983 10 4 600 600 40.67 -78.23 0.0 504
1983 10 4 600 600 41.8 -78.63 0.0 508
1983 10 4 600 600 42.25 -78.8 0.0 510
1983 10 4 600 600 42.48 -78.93 0.0 512
1983 10 4 600 600 43.18 -79.4 0.0 552
1983 10 4 600 600 43.52 -79.92 0.0 554
1983 10 4 600 600 43.98 -80.75 0.0 556
1983 10 4 600 600 39.92 -76.75 7.797083166262154 602
1983 10 4 600 600 40.48 -77.13 6.3489699476140595 604
1983 10 4 600 600 41.25 -76.92 3.4863036004725694 606
1983 10 4 600 600 41.98 -77.57 0.0 608
1983 10 4 600 600 42.88 -78.03 0.0 612
1983 10 4 600 600 43.03 -78.18 0.0 614
1983 10 4 600 600 43.92 -78.67 0.0 652
1983 10 4 600 600 44.23 -78.37 0.0 653
1983 10 4 600 600 44.62 -79.53 0.0 654
1983 10 4 600 600 40.37 -75.93 38.60023733219547 702
1983 10 4 600 600 40.78 -74.67 212.95765970632766 703
1983 10 4 600 600 41.02 -75.9 44.835703084268225 704
1983 10 4 600 600 41.83 -75.87 16.639334851984287 706
1983 10 4 600 600 42.45 -76.45 0.0 708
1983 10 4 600 600 43.07 -76.83 0.0 710
1983 10 4 600 600 43.98 -77.22 0.0 752
1983 10 4 600 600 44.68 -77.15 8.666900124620469 753
1983 10 4 600 600 44.28 -77.78 0.0 754
1983 10 4 600 600 39.93 -74.7 60.90596119834728 802
1983 10 4 600 600 40.9 -74.6 263.10341826795883 804
1983 10 4 600 600 41.3 -74.67 258.37935151073845 805
1983 10 4 600 600 42.08 -74.97 84.24844479962312 807
1983 10 4 600 600 42.47 -75.07 34.090916293591846 808
1983 10 4 600 600 42.92 -75.12 9.758982795149361 809
1983 10 4 600 600 43.23 -75.4 1.7537527279733327 810
1983 10 4 600 600 43.58 -75.52 0.0 811
1983 10 4 600 600 44.48 -76.03 4.5729230839580355 852
1983 10 4 600 600 40.67 -73.52 208.44321677556442 902
1983 10 4 600 600 41.27 -73.8 680.8404428498342 904
1983 10 4 600 600 43.05 -74.2 102.42667618630183 908
1983 10 4 600 600 43.97 -74.1 19.48516436426467 910
1983 10 4 600 600 44.8 -75.0 37.29948151817437 912
1983 10 4 600 600 45.55 -75.52 109.94712971199702 952
1983 10 4 600 600 43.03 -72.8 550.3253928160304 6
1983 10 4 600 600 43.95 -73.22 574.1691665557391 8
1983 10 4 600 600 44.9 -73.8 54.28328518254307 10
1983 10 4 600 600 41.73 -71.43 538.5107888323787 102
1983 10 4 600 600 44.27 -71.3 300.7026164243683 106
1983 10 4 600 600 44.93 -72.2 36.74717286091298 108
1983 10 4 600 600 46.07 -72.58 703.4296241075997 152
1983 10 4 900 600 41.95 -72.3 742.6142279311517 4
1983 10 4 900 600 45.98 -74.0 4.649596235173603 52
1983 10 4 900 600 44.4 -71.18 161.06400466680216 107
1983 10 4 1200 600 39.92 -76.75 0.0 602
1983 10 4 1200 600 40.48 -77.13 0.0 604
1983 10 4 1200 600 41.25 -76.92 0.0 606
1983 10 4 1200 600 41.98 -77.57 0.0 608
1983 10 4 1200 600 42.88 -78.03 0.0 612
1983 10 4 1200 600 43.03 -78.18 0.0 614
1983 10 4 1200 600 43.92 -78.67 0.0 652
1983 10 4 1200 600 44.23 -78.37 0.0 653
1983 10 4 1200 600 44.62 -79.53 1.8101782871214043 654
1983 10 4 1200 600 40.37 -75.93 5.261523498831023 702
1983 10 4 1200 600 40.78 -74.67 35.725374473165616 703
1983 10 4 1200 600 41.83 -75.87 0.0 706
1983 10 4 1200 600 42.45 -76.45 0.0 708
1983 10 4 1200 600 43.07 -76.83 0.0 710
1983 10 4 1200 600 43.98 -77.22 0.0 752
1983 10 4 1200 600 44.68 -77.15 7.324927719615202 753
1983 10 4 1200 600 44.28 -77.78 0.0 754
1983 10 4 1200 600 39.93 -74.7 4.5204445193888745 802
1983 10 4 1200 600 40.9 -74.6 42.94621954340015 804
1983 10 4 1200 600 41.3 -74.67 35.488839236754075 805
1983 10 4 1200 600 42.08 -74.97 3.9720439706662862 807
1983 10 4 1200 600 42.47 -75.07 1.2239910828624259 808
1983 10 4 1200 600 42.92 -75.12 0.0 809
1983 10 4 1200 600 43.23 -75.4 0.0 810
1983 10 4 1200 600 44.48 -76.03 3.533923100035661 852
1983 10 4 1200 600 40.67 -73.52 40.65190596495263 902
1983 10 4 1200 600 41.27 -73.8 97.80740259611092 904
1983 10 4 1200 600 43.05 -74.2 3.6694112712721583 908
1983 10 4 1200 600 43.97 -74.1 1.6952693410520467 910
1983 10 4 1200 600 44.8 -75.0 14.630832704363558 912
1983 10 4 1200 600 45.55 -75.52 2.7325454400362443 952
1983 10 4 1200 600 41.1 -72.37 114.2728766807111 2
1983 10 4 1200 600 43.03 -72.8 38.43810703206849 6
1983 10 4 1200 600 43.95 -73.22 7.457407919292843 8
1983 10 4 1200 600 44.9 -73.8 15.249889243174444 10
1983 10 4 1200 600 41.73 -71.43 323.1390233244954 102
1983 10 4 1200 600 44.27 -71.3 40.900799889751944 106
1983 10 4 1200 600 44.93 -72.2 14.519678994997667 108
1983 10 4 1200 600 46.07 -72.58 0.0 152
1983 10 4 1500 600 40.45 -74.8 1.7213642804606488 803
1983 10 4 1500 600 41.95 -72.3 37.649913425225265 4
1983 10 4 1500 600 44.4 -71.18 23.219078749073045 107
1983 10 4 1800 600 41.25 -76.92 0.0 606
1983 10 4 1800 600 40.78 -74.67 0.0 703
1983 10 4 1800 600 43.07 -76.83 0.0 710
1983 10 4 1800 600 39.93 -74.7 0.0 802
1983 10 4 1800 600 40.9 -74.6 0.0 804
1983 10 4 1800 600 41.3 -74.67 0.0 805
1983 10 4 1800 600 42.08 -74.97 0.0 807
1983 10 4 1800 600 42.47 -75.07 0.0 808
1983 10 4 1800 600 42.92 -75.12 0.0 809
1983 10 4 1800 600 43.23 -75.4 0.0 810
1983 10 4 1800 600 43.58 -75.52 0.0 811
1983 10 4 1800 600 44.48 -76.03 0.0 852
1983 10 4 1800 600 40.67 -73.52 0.0 902
1983 10 4 1800 600 41.27 -73.8 0.0 904
1983 10 4 1800 600 43.05 -74.2 0.0 908
1983 10 4 1800 600 43.97 -74.1 0.0 910
1983 10 4 1800 600 44.8 -75.0 4.003714913100209 912
1983 10 4 1800 600 45.55 -75.52 2.9966406113245876 952
1983 10 4 1800 600 41.1 -72.37 5.139255059922035 2
1983 10 4 1800 600 43.03 -72.8 1.4784393681662653 6
1983 10 4 1800 600 43.95 -73.22 0.0 8
1983 10 4 1800 600 44.9 -73.8 9.724321692493094 10
1983 10 4 1800 600 41.73 -71.43 26.756972764848353 102
1983 10 4 1800 600 44.27 -71.3 13.684337292165951 106
1983 10 4 1800 600 44.93 -72.2 21.173690342428614 108
1983 10 4 1800 600 46.07 -72.58 1.7664153177673594 152
1983 10 4 2100 600 40.45 -74.8 0.0 803
1983 10 4 2100 600 41.95 -72.3 3.189121491227262 4
1983 10 4 2100 600 44.4 -71.18 13.629578013826665 107
1983 10 5 0 600 41.25 -76.92 0.0 606
1983 10 5 0 600 41.73 -71.43 2.681231907632754 102
1983 10 5 0 600 44.27 -71.3 11.070003760832169 106
1983 10 5 0 600 44.93 -72.2 11.578117763319666 108
1983 10 5 0 600 46.07 -72.58 4.992667874047385 152
1983 10 5 300 600 40.45 -74.8 0.0 803
1983 10 5 300 600 44.4 -71.18 8.919027585158615 107
1983 10 5 900 600 40.45 -74.8 0.0 803
1983 10 5 1200 600 41.25 -76.92 0.0 606
