Yr Mo Da Hr dur Lat Lon Calc Site
1983 10 26 900 600 42.67 -81.15 0.0 454
1983 10 26 900 600 43.52 -79.92 0.0 554
1983 10 26 900 600 43.98 -80.75 0.0 556
1983 10 26 900 600 43.92 -78.67 25.088067537067264 652
1983 10 26 900 600 44.23 -78.37 641.7641289482573 653
1983 10 26 900 600 44.62 -79.53 12.303192715250967 654
1983 10 26 900 600 43.98 -77.22 70.08673056771522 752
1983 10 26 900 600 44.28 -77.78 813.2112231229091 754
1983 10 26 900 600 44.93 -78.72 8757.770604570658 756
1983 10 26 900 600 44.48 -76.03 0.0 852
1983 10 26 900 600 45.55 -75.52 0.0 952
1983 10 26 900 600 45.98 -74.0 0.0 52
1983 10 26 1200 600 41.83 -75.87 0.0 706
1983 10 26 1200 600 41.27 -73.8 0.0 904
1983 10 26 1500 600 41.2 -79.43 0.0 408
1983 10 26 1500 600 42.08 -80.18 0.0 412
1983 10 26 1500 600 42.67 -81.15 0.0 454
1983 10 26 1500 600 41.8 -78.63 0.0 508
1983 10 26 1500 600 42.25 -78.8 0.0 510
1983 10 26 1500 600 43.52 -79.92 0.0 554
1983 10 26 1500 600 43.98 -80.75 0.0 556
1983 10 26 1500 600 41.98 -77.57 0.0 608
1983 10 26 1500 600 42.42 -77.57 0.0 610
1983 10 26 1500 600 43.03 -78.18 0.0 614
1983 10 26 1500 600 43.92 -78.67 12.036610841658504 652
1983 10 26 1500 600 44.23 -78.37 1877.7642621811085 653
1983 10 26 1500 600 44.62 -79.53 8.341862264988444 654
1983 10 26 1500 600 42.45 -76.45 0.0 708
1983 10 26 1500 600 43.07 -76.83 9.591462613945799 710
1983 10 26 1500 600 43.98 -77.22 7960.824397503391 752
1983 10 26 1500 600 44.28 -77.78 9862.055090236236 754
1983 10 26 1500 600 44.93 -78.72 3341.657113863581 756
1983 10 26 1500 600 40.9 -74.6 0.0 804
1983 10 26 1500 600 41.3 -74.67 0.0 805
1983 10 26 1500 600 41.63 -74.8 0.0 806
1983 10 26 1500 600 42.08 -74.97 0.0 807
1983 10 26 1500 600 42.92 -75.12 40.16987634252558 809
1983 10 26 1500 600 43.23 -75.4 198.6262195352633 810
1983 10 26 1500 600 44.48 -76.03 0.0 852
1983 10 26 1500 600 43.05 -74.2 2.282635802243805 908
1983 10 26 1500 600 44.8 -75.0 0.0 912
1983 10 26 1500 600 45.55 -75.52 0.0 952
1983 10 26 1500 600 41.95 -72.3 0.0 4
1983 10 26 1500 600 44.9 -73.8 0.0 10
1983 10 26 1500 600 45.98 -74.0 0.0 52
1983 10 26 1500 600 44.93 -72.2 0.0 108
1983 10 26 1800 600 41.83 -75.87 0.0 706
1983 10 26 1800 600 41.27 -73.8 0.0 904
1983 10 26 2100 600 40.43 -79.15 0.0 404
1983 10 26 2100 600 40.82 -79.53 0.0 406
1983 10 26 2100 600 41.2 -79.43 0.0 408
1983 10 26 2100 600 42.08 -80.18 0.0 412
1983 10 26 2100 600 42.67 -81.15 0.0 454
1983 10 26 2100 600 40.2 -78.25 0.0 502
1983 10 26 2100 600 40.67 -78.23 0.0 504
1983 10 26 2100 600 41.3 -78.48 0.0 506
1983 10 26 2100 600 42.25 -78.8 0.0 510
1983 10 26 2100 600 43.52 -79.92 0.0 554
1983 10 26 2100 600 43.98 -80.75 0.0 556
1983 10 26 2100 600 39.92 -76.75 0.0 602
1983 10 26 2100 600 41.25 -76.92 0.0 606
1983 10 26 2100 600 41.98 -77.57 0.0 608
1983 10 26 2100 600 42.42 -77.57 0.0 610
1983 10 26 2100 600 43.03 -78.18 0.0 614
1983 10 26 2100 600 43.92 -78.67 1.4375374541268489 652
1983 10 26 2100 600 44.23 -78.37 30.34076764433125 653
1983 10 26 2100 600 40.37 -75.93 0.0 702
1983 10 26 2100 600 40.78 -74.67 0.0 703
1983 10 26 2100 600 41.02 -75.9 0.0 704
1983 10 26 2100 600 42.45 -76.45 0.0 708
1983 10 26 2100 600 43.07 -76.83 2.488103294689494 710
1983 10 26 2100 600 43.98 -77.22 1205.7471856291415 752
1983 10 26 2100 600 44.68 -77.15 0.0 753
1983 10 26 2100 600 44.28 -77.78 98.53243955233567 754
1983 10 26 2100 600 44.93 -78.72 0.0 756
1983 10 26 2100 600 39.93 -74.7 0.0 802
1983 10 26 2100 600 40.45 -74.8 0.0 803
1983 10 26 2100 600 40.9 -74.6 0.0 804
1983 10 26 2100 600 41.3 -74.67 0.0 805
1983 10 26 2100 600 41.63 -74.8 0.0 806
1983 10 26 2100 600 42.08 -74.97 0.0 807
1983 10 26 2100 600 42.47 -75.07 1.7612422167907549 808
1983 10 26 2100 600 42.92 -75.12 103.18617711218562 809
1983 10 26 2100 600 43.23 -75.4 1117.3128004534724 810
1983 10 26 2100 600 43.58 -75.52 591.6125380532064 811
1983 10 26 2100 600 44.48 -76.03 0.0 852
1983 10 26 2100 600 40.67 -73.52 0.0 902
1983 10 26 2100 600 43.05 -74.2 7716.763215395012 908
1983 10 26 2100 600 43.97 -74.1 1.5286647065623435 910
1983 10 26 2100 600 44.8 -75.0 0.0 912
1983 10 26 2100 600 45.55 -75.52 0.0 952
1983 10 26 2100 600 41.1 -72.37 0.0 2
1983 10 26 2100 600 41.95 -72.3 51.32884902643163 4
1983 10 26 2100 600 44.9 -73.8 0.0 10
1983 10 26 2100 600 45.98 -74.0 0.0 52
1983 10 26 2100 600 41.73 -71.43 0.0 102
1983 10 26 2100 600 42.7 -71.17 5.273875524882147 104
1983 10 26 2100 600 44.27 -71.3 0.0 106
1983 10 26 2100 600 44.4 -71.18 0.0 107
1983 10 26 2100 600 44.93 -72.2 0.0 108
1983 10 27 0 600 41.83 -75.87 0.0 706
1983 10 27 0 600 41.27 -73.8 0.0 904
1983 10 27 300 600 40.43 -79.15 0.0 404
1983 10 27 300 600 40.82 -79.53 0.0 406
1983 10 27 300 600 41.2 -79.43 0.0 408
1983 10 27 300 600 42.08 -80.18 0.0 412
1983 10 27 300 600 42.67 -81.15 0.0 454
1983 10 27 300 600 40.2 -78.25 0.0 502
1983 10 27 300 600 40.67 -78.23 0.0 504
1983 10 27 300 600 41.3 -78.48 0.0 506
1983 10 27 300 600 42.25 -78.8 0.0 510
1983 10 27 300 600 43.52 -79.92 0.0 554
1983 10 27 300 600 43.98 -80.75 0.0 556
1983 10 27 300 600 39.92 -76.75 0.0 602
1983 10 27 300 600 41.25 -76.92 0.0 606
1983 10 27 300 600 41.98 -77.57 0.0 608
1983 10 27 300 600 42.42 -77.57 0.0 610
1983 10 27 300 600 43.03 -78.18 0.0 614
1983 10 27 300 600 43.92 -78.67 0.0 652
1983 10 27 300 600 44.23 -78.37 0.0 653
1983 10 27 300 600 44.62 -79.53 0.0 654
1983 10 27 300 600 40.37 -75.93 0.0 702
1983 10 27 300 600 40.78 -74.67 0.0 703
1983 10 27 300 600 41.02 -75.9 0.0 704
1983 10 27 300 600 42.45 -76.45 0.0 708
1983 10 27 300 600 43.07 -76.83 0.0 710
1983 10 27 300 600 44.68 -77.15 0.0 753
1983 10 27 300 600 44.28 -77.78 0.0 754
1983 10 27 300 600 44.93 -78.72 0.0 756
1983 10 27 300 600 39.93 -74.7 0.0 802
1983 10 27 300 600 40.45 -74.8 0.0 803
1983 10 27 300 600 40.9 -74.6 0.0 804
1983 10 27 300 600 41.3 -74.67 1.4339334069043652 805
1983 10 27 300 600 41.63 -74.8 19.67702741304487 806
1983 10 27 300 600 42.08 -74.97 24.43687868723197 807
1983 10 27 300 600 42.47 -75.07 6.611993764365038 808
1983 10 27 300 600 42.92 -75.12 55.37441581885883 809
1983 10 27 300 600 43.23 -75.4 148.69603633618658 810
1983 10 27 300 600 43.58 -75.52 1.7444695827806653 811
1983 10 27 300 600 44.48 -76.03 0.0 852
1983 10 27 300 600 40.67 -73.52 0.0 902
1983 10 27 300 600 43.05 -74.2 9179.189172191587 908
1983 10 27 300 600 43.97 -74.1 0.0 910
1983 10 27 300 600 44.8 -75.0 0.0 912
1983 10 27 300 600 45.55 -75.52 0.0 952
1983 10 27 300 600 41.1 -72.37 68.2040109907687 2
1983 10 27 300 600 41.95 -72.3 2343.668827786325 4
1983 10 27 300 600 45.98 -74.0 0.0 52
1983 10 27 300 600 41.73 -71.43 1812.7541856524404 102
1983 10 27 300 600 42.7 -71.17 1708.1094678739673 104
1983 10 27 300 600 44.27 -71.3 0.0 106
1983 10 27 300 600 44.4 -71.18 0.0 107
1983 10 27 300 600 44.93 -72.2 0.0 108
1983 10 27 600 600 41.83 -75.87 0.0 706
1983 10 27 600 600 41.27 -73.8 99.49558015977378 904
1983 10 27 900 600 40.43 -79.15 0.0 404
1983 10 27 900 600 40.82 -79.53 0.0 406
1983 10 27 900 600 41.2 -79.43 0.0 408
1983 10 27 900 600 42.08 -80.18 0.0 412
1983 10 27 900 600 42.67 -81.15 0.0 454
1983 10 27 900 600 40.2 -78.25 0.0 502
1983 10 27 900 600 40.67 -78.23 0.0 504
1983 10 27 900 600 41.3 -78.48 0.0 506
1983 10 27 900 600 42.25 -78.8 0.0 510
1983 10 27 900 600 43.52 -79.92 0.0 554
1983 10 27 900 600 43.98 -80.75 0.0 556
1983 10 27 900 600 39.92 -76.75 0.0 602
1983 10 27 900 600 41.25 -76.92 0.0 606
1983 10 27 900 600 41.98 -77.57 0.0 608
1983 10 27 900 600 42.42 -77.57 0.0 610
1983 10 27 900 600 43.03 -78.18 0.0 614
1983 10 27 900 600 43.92 -78.67 0.0 652
1983 10 27 900 600 44.23 -78.37 0.0 653
1983 10 27 900 600 44.62 -79.53 0.0 654
1983 10 27 900 600 40.37 -75.93 0.0 702
1983 10 27 900 600 40.78 -74.67 2.3958575332395426 703
1983 10 27 900 600 41.02 -75.9 0.0 704
1983 10 27 900 600 42.45 -76.45 0.0 708
1983 10 27 900 600 43.07 -76.83 0.0 710
1983 10 27 900 600 44.68 -77.15 0.0 753
1983 10 27 900 600 44.28 -77.78 0.0 754
1983 10 27 900 600 44.93 -78.72 0.0 756
1983 10 27 900 600 39.93 -74.7 0.0 802
1983 10 27 900 600 40.45 -74.8 0.0 803
1983 10 27 900 600 40.9 -74.6 4.524079707401524 804
1983 10 27 900 600 41.3 -74.67 10.200148111211343 805
1983 10 27 900 600 41.63 -74.8 41.80568331400828 806
1983 10 27 900 600 42.08 -74.97 33.01335177515726 807
1983 10 27 900 600 42.47 -75.07 6.204007610500148 808
1983 10 27 900 600 42.92 -75.12 0.0 809
1983 10 27 900 600 43.23 -75.4 0.0 810
1983 10 27 900 600 43.58 -75.52 0.0 811
1983 10 27 900 600 44.48 -76.03 0.0 852
1983 10 27 900 600 40.67 -73.52 39.81748958631194 902
1983 10 27 900 600 43.97 -74.1 0.0 910
1983 10 27 900 600 44.8 -75.0 0.0 912
1983 10 27 900 600 45.55 -75.52 0.0 952
1983 10 27 900 600 41.1 -72.37 1196.1981525497843 2
1983 10 27 900 600 41.95 -72.3 3438.478412584721 4
1983 10 27 900 600 45.98 -74.0 0.0 52
1983 10 27 900 600 41.73 -71.43 3848.4216939781313 102
1983 10 27 900 600 42.7 -71.17 2046.7183455876532 104
1983 10 27 900 600 44.27 -71.3 0.0 106
1983 10 27 900 600 44.4 -71.18 0.0 107
1983 10 27 900 600 44.93 -72.2 0.0 108
1983 10 27 1200 600 41.83 -75.87 0.0 706
1983 10 27 1200 600 41.27 -73.8 26.758858620633156 904
1983 10 27 1500 600 40.43 -79.15 0.0 404
1983 10 27 1500 600 40.82 -79.53 0.0 406
1983 10 27 1500 600 41.2 -79.43 0.0 408
1983 10 27 1500 600 42.08 -80.18 0.0 412
1983 10 27 1500 600 42.67 -81.15 0.0 454
1983 10 27 1500 600 40.2 -78.25 0.0 502
1983 10 27 1500 600 40.67 -78.23 0.0 504
1983 10 27 1500 600 41.3 -78.48 0.0 506
1983 10 27 1500 600 42.25 -78.8 0.0 510
1983 10 27 1500 600 43.52 -79.92 0.0 554
1983 10 27 1500 600 43.98 -80.75 0.0 556
1983 10 27 1500 600 39.92 -76.75 0.0 602
1983 10 27 1500 600 41.25 -76.92 0.0 606
1983 10 27 1500 600 41.98 -77.57 0.0 608
1983 10 27 1500 600 42.42 -77.57 0.0 610
1983 10 27 1500 600 43.03 -78.18 0.0 614
1983 10 27 1500 600 43.92 -78.67 0.0 652
1983 10 27 1500 600 44.23 -78.37 0.0 653
1983 10 27 1500 600 44.62 -79.53 0.0 654
1983 10 27 1500 600 40.37 -75.93 0.0 702
1983 10 27 1500 600 40.78 -74.67 0.0 703
1983 10 27 1500 600 41.02 -75.9 0.0 704
1983 10 27 1500 600 42.45 -76.45 0.0 708
1983 10 27 1500 600 43.07 -76.83 0.0 710
1983 10 27 1500 600 44.68 -77.15 0.0 753
1983 10 27 1500 600 44.28 -77.78 0.0 754
1983 10 27 1500 600 44.93 -78.72 0.0 756
1983 10 27 1500 600 39.93 -74.7 0.0 802
1983 10 27 1500 600 40.45 -74.8 0.0 803
1983 10 27 1500 600 40.9 -74.6 0.0 804
1983 10 27 1500 600 41.3 -74.67 0.0 805
1983 10 27 1500 600 41.63 -74.8 0.0 806
1983 10 27 1500 600 42.08 -74.97 0.0 807
1983 10 27 1500 600 42.47 -75.07 0.0 808
1983 10 27 1500 600 42.92 -75.12 0.0 809
1983 10 27 1500 600 43.23 -75.4 0.0 810
1983 10 27 1500 600 43.58 -75.52 0.0 811
1983 10 27 1500 600 44.48 -76.03 0.0 852
1983 10 27 1500 600 40.67 -73.52 3.2005550432910668 902
1983 10 27 1500 600 43.05 -74.2 0.0 908
1983 10 27 1500 600 43.97 -74.1 0.0 910
1983 10 27 1500 600 44.8 -75.0 0.0 912
1983 10 27 1500 600 45.55 -75.52 0.0 952
1983 10 27 1500 600 41.1 -72.37 55.25125436319341 2
1983 10 27 1500 600 41.95 -72.3 55.073786068335046 4
1983 10 27 1500 600 41.73 -71.43 220.05414840979435 102
1983 10 27 1500 600 42.7 -71.17 6.676907044882535 104
1983 10 27 1500 600 44.27 -71.3 0.0 106
1983 10 27 1500 600 44.4 -71.18 0.0 107
1983 10 27 1500 600 44.93 -72.2 0.0 108
1983 10 27 1800 600 41.83 -75.87 0.0 706
1983 10 27 1800 600 41.27 -73.8 0.0 904
1983 10 27 2100 600 40.43 -79.15 0.0 404
1983 10 27 2100 600 40.82 -79.53 0.0 406
1983 10 27 2100 600 41.2 -79.43 0.0 408
1983 10 27 2100 600 42.08 -80.18 0.0 412
1983 10 27 2100 600 40.2 -78.25 0.0 502
1983 10 27 2100 600 40.67 -78.23 0.0 504
1983 10 27 2100 600 41.3 -78.48 0.0 506
1983 10 27 2100 600 42.25 -78.8 0.0 510
1983 10 27 2100 600 39.92 -76.75 0.0 602
1983 10 27 2100 600 41.25 -76.92 0.0 606
1983 10 27 2100 600 41.98 -77.57 0.0 608
1983 10 27 2100 600 42.42 -77.57 0.0 610
1983 10 27 2100 600 43.03 -78.18 0.0 614
1983 10 27 2100 600 40.37 -75.93 0.0 702
1983 10 27 2100 600 40.78 -74.67 0.0 703
1983 10 27 2100 600 41.02 -75.9 0.0 704
1983 10 27 2100 600 42.45 -76.45 0.0 708
1983 10 27 2100 600 43.07 -76.83 0.0 710
1983 10 27 2100 600 39.93 -74.7 0.0 802
1983 10 27 2100 600 40.45 -74.8 0.0 803
1983 10 27 2100 600 40.9 -74.6 0.0 804
1983 10 27 2100 600 41.3 -74.67 0.0 805
1983 10 27 2100 600 41.63 -74.8 0.0 806
1983 10 27 2100 600 42.08 -74.97 0.0 807
1983 10 27 2100 600 42.47 -75.07 0.0 808
1983 10 27 2100 600 42.92 -75.12 0.0 809
1983 10 27 2100 600 43.58 -75.52 0.0 811
1983 10 27 2100 600 40.67 -73.52 0.0 902
1983 10 27 2100 600 43.05 -74.2 0.0 908
1983 10 27 2100 600 43.97 -74.1 0.0 910
1983 10 27 2100 600 44.8 -75.0 0.0 912
1983 10 27 2100 600 41.1 -72.37 0.0 2
1983 10 27 2100 600 41.95 -72.3 0.0 4
1983 10 27 2100 600 41.73 -71.43 0.0 102
1983 10 27 2100 600 42.7 -71.17 0.0 104
1983 10 27 2100 600 44.27 -71.3 0.0 106
1983 10 27 2100 600 44.4 -71.18 0.0 107
1983 10 27 2100 600 44.93 -72.2 0.0 108
1983 10 28 300 600 40.43 -79.15 0.0 404
1983 10 28 300 600 40.82 -79.53 0.0 406
1983 10 28 300 600 40.2 -78.25 0.0 502
1983 10 28 300 600 40.67 -78.23 0.0 504
1983 10 28 300 600 41.3 -78.48 0.0 506
1983 10 28 300 600 39.92 -76.75 0.0 602
1983 10 28 300 600 41.25 -76.92 0.0 606
1983 10 28 300 600 40.37 -75.93 0.0 702
1983 10 28 300 600 40.78 -74.67 0.0 703
1983 10 28 300 600 41.02 -75.9 0.0 704
1983 10 28 300 600 39.93 -74.7 0.0 802
1983 10 28 300 600 40.45 -74.8 0.0 803
1983 10 28 300 600 42.47 -75.07 0.0 808
1983 10 28 300 600 43.23 -75.4 0.0 810
1983 10 28 300 600 40.67 -73.52 0.0 902
1983 10 28 300 600 43.97 -74.1 0.0 910
1983 10 28 300 600 41.1 -72.37 0.0 2
1983 10 28 300 600 41.73 -71.43 0.0 102
1983 10 28 300 600 42.7 -71.17 0.0 104
1983 10 28 300 600 44.27 -71.3 0.0 106
1983 10 28 300 600 44.4 -71.18 0.0 107
