Yr Mo Da Hr dur Lat Lon Calc Site
1983 10 14 1800 300 40.38 -80.63 0.0 306
1983 10 14 1800 300 40.77 -80.75 0.0 308
1983 10 14 1800 300 40.92 -81.43 0.0 310
1983 10 14 1800 300 41.3 -81.15 0.0 312
1983 10 14 1800 300 41.42 -81.87 0.0 314
1983 10 14 1800 300 41.27 -82.62 0.0 318
1983 10 14 1800 300 41.33 -83.12 0.0 320
1983 10 14 2100 300 40.38 -80.63 334.2111992277348 306
1983 10 14 2100 300 40.92 -81.43 1567.2190393813519 310
1983 10 14 2100 300 41.42 -81.87 1.3441161549216114 314
1983 10 14 2100 300 41.27 -82.62 0.0 318
1983 10 14 2100 300 41.33 -83.12 0.0 320
1983 10 14 2100 300 40.43 -79.15 0.0 404
1983 10 14 2100 300 40.82 -79.53 1.3356221948791156 406
1983 10 14 2100 300 42.08 -80.18 0.0 412
1983 10 14 2100 300 42.67 -81.15 0.0 454
1983 10 14 2100 300 42.7 -82.35 0.0 456
1983 10 14 2100 300 40.78 -74.67 0.0 703
1983 10 14 2100 600 40.2 -78.25 54.726366537970705 502
1983 10 14 2100 600 40.67 -78.23 154.71917383529657 504
1983 10 14 2100 600 41.3 -78.48 17.038842826467864 506
1983 10 14 2100 600 41.8 -78.63 0.0 508
1983 10 14 2100 600 42.25 -78.8 0.0 510
1983 10 14 2100 600 42.48 -78.93 0.0 512
1983 10 14 2100 600 43.52 -79.92 0.0 554
1983 10 14 2100 600 43.98 -80.75 0.0 556
1983 10 14 2100 600 39.92 -76.75 0.0 602
1983 10 14 2100 600 40.48 -77.13 0.0 604
1983 10 14 2100 600 41.25 -76.92 0.0 606
1983 10 14 2100 600 41.98 -77.57 0.0 608
1983 10 14 2100 600 42.88 -78.03 0.0 612
1983 10 14 2100 600 43.03 -78.18 0.0 614
1983 10 14 2100 600 43.92 -78.67 0.0 652
1983 10 14 2100 600 44.62 -79.53 0.0 654
1983 10 14 2100 600 40.37 -75.93 0.0 702
1983 10 14 2100 600 42.45 -76.45 0.0 708
1983 10 14 2100 600 43.98 -77.22 0.0 752
1983 10 14 2100 600 44.28 -77.78 0.0 754
1983 10 14 2100 600 44.93 -78.72 0.0 756
1983 10 14 2100 600 39.93 -74.7 0.0 802
1983 10 14 2100 600 40.45 -74.8 0.0 803
1983 10 14 2100 600 40.9 -74.6 0.0 804
1983 10 14 2100 600 41.3 -74.67 0.0 805
1983 10 14 2100 600 41.63 -74.8 0.0 806
1983 10 14 2100 600 40.67 -73.52 0.0 902
1983 10 14 2100 600 40.85 -73.97 0.0 903
1983 10 15 0 300 40.38 -80.63 1108.422335929714 306
1983 10 15 0 300 40.77 -80.75 7566.489851908562 308
1983 10 15 0 300 40.92 -81.43 5775.644284735183 310
1983 10 15 0 300 41.3 -81.15 375.6618262975426 312
1983 10 15 0 300 41.42 -81.87 4.899797741517239 314
1983 10 15 0 300 41.27 -82.62 0.0 318
1983 10 15 0 300 41.33 -83.12 0.0 320
1983 10 15 0 300 40.43 -79.15 70.8433617152353 404
1983 10 15 0 300 40.82 -79.53 405.1188137452476 406
1983 10 15 0 300 42.08 -80.18 0.0 412
1983 10 15 0 300 42.67 -81.15 0.0 454
1983 10 15 0 300 42.7 -82.35 0.0 456
1983 10 15 0 300 40.78 -74.67 0.0 703
1983 10 15 300 300 40.38 -80.63 386.221010263446 306
1983 10 15 300 300 40.77 -80.75 6335.316575382796 308
1983 10 15 300 300 40.92 -81.43 2301.692251482957 310
1983 10 15 300 300 41.3 -81.15 473.9642052755679 312
1983 10 15 300 300 41.42 -81.87 7.926432703291875 314
1983 10 15 300 300 41.27 -82.62 0.0 318
1983 10 15 300 300 41.33 -83.12 0.0 320
1983 10 15 300 300 40.43 -79.15 225.86499519353845 404
1983 10 15 300 300 40.82 -79.53 2127.463574113872 406
1983 10 15 300 300 42.08 -80.18 0.0 412
1983 10 15 300 300 42.67 -81.15 0.0 454
1983 10 15 300 300 42.7 -82.35 0.0 456
1983 10 15 300 300 40.78 -74.67 0.0 703
1983 10 15 300 300 44.68 -77.15 0.0 753
1983 10 15 300 600 40.2 -78.25 3331.1958419476864 502
1983 10 15 300 600 40.67 -78.23 4198.963987556753 504
1983 10 15 300 600 41.3 -78.48 203.28669367715236 506
1983 10 15 300 600 41.8 -78.63 3.2173206412318938 508
1983 10 15 300 600 42.25 -78.8 0.0 510
1983 10 15 300 600 42.48 -78.93 0.0 512
1983 10 15 300 600 43.52 -79.92 0.0 554
1983 10 15 300 600 43.98 -80.75 0.0 556
1983 10 15 300 600 39.92 -76.75 798.1138745051076 602
1983 10 15 300 600 40.48 -77.13 4176.1498864268415 604
1983 10 15 300 600 41.25 -76.92 1052.9527033124143 606
1983 10 15 300 600 41.98 -77.57 10.403651382146418 608
1983 10 15 300 600 42.88 -78.03 0.0 612
1983 10 15 300 600 43.03 -78.18 0.0 614
1983 10 15 300 600 43.92 -78.67 0.0 652
1983 10 15 300 600 40.37 -75.93 345.2659102021287 702
1983 10 15 300 600 42.45 -76.45 0.0 708
1983 10 15 300 600 43.98 -77.22 0.0 752
1983 10 15 300 600 44.28 -77.78 0.0 754
1983 10 15 300 600 44.93 -78.72 0.0 756
1983 10 15 300 600 39.93 -74.7 114.14831107065409 802
1983 10 15 300 600 40.45 -74.8 90.98668282257071 803
1983 10 15 300 600 40.9 -74.6 15.004048285038792 804
1983 10 15 300 600 41.3 -74.67 3.0230581636289524 805
1983 10 15 300 600 41.63 -74.8 0.0 806
1983 10 15 300 600 42.92 -75.12 0.0 809
1983 10 15 300 600 43.23 -75.4 0.0 810
1983 10 15 300 600 43.58 -75.52 0.0 811
1983 10 15 300 600 40.67 -73.52 1.7166718607010987 902
1983 10 15 300 600 40.85 -73.97 3.916533805762646 903
1983 10 15 300 600 43.05 -74.2 0.0 908
1983 10 15 300 600 43.97 -74.1 0.0 910
1983 10 15 300 600 44.8 -75.0 0.0 912
1983 10 15 300 600 45.55 -75.52 0.0 952
1983 10 15 300 600 41.1 -72.37 0.0 2
1983 10 15 300 600 41.95 -72.3 0.0 4
1983 10 15 300 600 41.73 -71.43 0.0 102
1983 10 15 300 600 42.7 -71.17 0.0 104
1983 10 15 600 300 40.38 -80.63 31.275685287946036 306
1983 10 15 600 300 40.77 -80.75 1424.6863548079486 308
1983 10 15 600 300 40.92 -81.43 482.741512685606 310
1983 10 15 600 300 41.3 -81.15 327.37196658021884 312
1983 10 15 600 300 41.42 -81.87 5.630435042945912 314
1983 10 15 600 300 41.27 -82.62 0.0 318
1983 10 15 600 300 41.33 -83.12 0.0 320
1983 10 15 600 300 40.43 -79.15 54.74943690607451 404
1983 10 15 600 300 40.82 -79.53 1096.247919470091 406
1983 10 15 600 300 42.08 -80.18 0.0 412
1983 10 15 600 300 42.67 -81.15 0.0 454
1983 10 15 600 300 42.7 -82.35 0.0 456
1983 10 15 600 300 40.78 -74.67 66.42925893191605 703
1983 10 15 600 300 44.68 -77.15 0.0 753
1983 10 15 600 600 41.27 -73.8 2.846458249404827 904
1983 10 15 900 300 40.38 -80.63 2.8561267095072567 306
1983 10 15 900 300 40.77 -80.75 212.71584025437608 308
1983 10 15 900 300 40.92 -81.43 65.54678336260835 310
1983 10 15 900 300 41.3 -81.15 154.75538386708584 312
1983 10 15 900 300 41.42 -81.87 3.087416405838378 314
1983 10 15 900 300 41.27 -82.62 0.0 318
1983 10 15 900 300 41.33 -83.12 0.0 320
1983 10 15 900 300 40.43 -79.15 49.966157086041136 404
1983 10 15 900 300 40.82 -79.53 454.84388430242154 406
1983 10 15 900 300 42.08 -80.18 0.0 412
1983 10 15 900 300 42.67 -81.15 0.0 454
1983 10 15 900 300 42.7 -82.35 0.0 456
1983 10 15 900 300 40.78 -74.67 387.19326382612365 703
1983 10 15 900 300 44.68 -77.15 0.0 753
1983 10 15 900 600 40.2 -78.25 858.8406557724911 502
1983 10 15 900 600 40.67 -78.23 919.0453827395747 504
1983 10 15 900 600 41.3 -78.48 105.21582375277642 506
1983 10 15 900 600 41.8 -78.63 8.49580196970906 508
1983 10 15 900 600 42.25 -78.8 0.0 510
1983 10 15 900 600 42.48 -78.93 0.0 512
1983 10 15 900 600 43.52 -79.92 0.0 554
1983 10 15 900 600 43.98 -80.75 0.0 556
1983 10 15 900 600 39.92 -76.75 4534.169375753541 602
1983 10 15 900 600 41.25 -76.92 1179.57548195264 606
1983 10 15 900 600 41.98 -77.57 20.891169768406357 608
1983 10 15 900 600 42.88 -78.03 0.0 612
1983 10 15 900 600 43.03 -78.18 0.0 614
1983 10 15 900 600 43.92 -78.67 0.0 652
1983 10 15 900 600 40.37 -75.93 3007.1163265143246 702
1983 10 15 900 600 42.45 -76.45 1.9858489953147596 708
1983 10 15 900 600 43.98 -77.22 0.0 752
1983 10 15 900 600 44.28 -77.78 0.0 754
1983 10 15 900 600 44.93 -78.72 0.0 756
1983 10 15 900 600 39.93 -74.7 1264.9863903367407 802
1983 10 15 900 600 40.45 -74.8 715.4652489453345 803
1983 10 15 900 600 40.9 -74.6 151.18290072347824 804
1983 10 15 900 600 41.3 -74.67 38.099639143179964 805
1983 10 15 900 600 41.63 -74.8 10.624267970544999 806
1983 10 15 900 600 42.92 -75.12 0.0 809
1983 10 15 900 600 43.23 -75.4 0.0 810
1983 10 15 900 600 43.58 -75.52 0.0 811
1983 10 15 900 600 40.67 -73.52 19.65195940890985 902
1983 10 15 900 600 40.85 -73.97 35.78905529137645 903
1983 10 15 900 600 43.05 -74.2 0.0 908
1983 10 15 900 600 43.97 -74.1 0.0 910
1983 10 15 900 600 44.8 -75.0 0.0 912
1983 10 15 900 600 45.55 -75.52 0.0 952
1983 10 15 900 600 41.1 -72.37 0.0 2
1983 10 15 900 600 41.95 -72.3 0.0 4
1983 10 15 900 600 43.03 -72.8 0.0 6
1983 10 15 900 600 44.9 -73.8 0.0 10
1983 10 15 900 600 45.98 -74.0 0.0 52
1983 10 15 900 600 41.73 -71.43 0.0 102
1983 10 15 900 600 42.7 -71.17 0.0 104
1983 10 15 900 600 44.27 -71.3 0.0 106
1983 10 15 900 600 44.93 -72.2 0.0 108
1983 10 15 1200 300 40.43 -79.15 80.69900100981566 404
1983 10 15 1200 300 40.82 -79.53 304.442448679218 406
1983 10 15 1200 300 42.08 -80.18 0.0 412
1983 10 15 1200 300 42.67 -81.15 0.0 454
1983 10 15 1200 300 42.7 -82.35 0.0 456
1983 10 15 1200 300 40.78 -74.67 101.52691708141765 703
1983 10 15 1200 300 44.68 -77.15 0.0 753
1983 10 15 1200 600 43.07 -76.83 0.0 710
1983 10 15 1200 600 42.08 -74.97 0.0 807
1983 10 15 1200 600 41.27 -73.8 1.3375539814865431 904
1983 10 15 1500 300 40.78 -74.67 12.562087774114854 703
1983 10 15 1500 300 44.68 -77.15 0.0 753
1983 10 15 1500 600 40.2 -78.25 75.94263935418714 502
1983 10 15 1500 600 40.67 -78.23 38.55725631908286 504
1983 10 15 1500 600 41.3 -78.48 1.5543535398779105 506
1983 10 15 1500 600 41.8 -78.63 0.0 508
1983 10 15 1500 600 42.25 -78.8 0.0 510
1983 10 15 1500 600 42.48 -78.93 0.0 512
1983 10 15 1500 600 43.52 -79.92 0.0 554
1983 10 15 1500 600 43.98 -80.75 0.0 556
1983 10 15 1500 600 39.92 -76.75 146.32184195472584 602
1983 10 15 1500 600 41.25 -76.92 0.0 606
1983 10 15 1500 600 41.98 -77.57 0.0 608
1983 10 15 1500 600 42.88 -78.03 0.0 612
1983 10 15 1500 600 43.03 -78.18 0.0 614
1983 10 15 1500 600 43.92 -78.67 0.0 652
1983 10 15 1500 600 44.62 -79.53 0.0 654
1983 10 15 1500 600 40.37 -75.93 66.69238629903798 702
1983 10 15 1500 600 41.83 -75.87 0.0 706
1983 10 15 1500 600 42.45 -76.45 0.0 708
1983 10 15 1500 600 43.98 -77.22 0.0 752
1983 10 15 1500 600 44.28 -77.78 0.0 754
1983 10 15 1500 600 44.93 -78.72 0.0 756
1983 10 15 1500 600 39.93 -74.7 173.5433217958166 802
1983 10 15 1500 600 40.45 -74.8 35.129924004082056 803
1983 10 15 1500 600 40.9 -74.6 3.33799195851384 804
1983 10 15 1500 600 41.3 -74.67 0.0 805
1983 10 15 1500 600 41.63 -74.8 0.0 806
1983 10 15 1500 600 42.92 -75.12 0.0 809
1983 10 15 1500 600 43.23 -75.4 0.0 810
1983 10 15 1500 600 43.58 -75.52 0.0 811
1983 10 15 1500 600 44.48 -76.03 0.0 852
1983 10 15 1500 600 40.67 -73.52 2.985810700930402 902
1983 10 15 1500 600 40.85 -73.97 1.8199684670972807 903
1983 10 15 1500 600 43.05 -74.2 0.0 908
1983 10 15 1500 600 43.97 -74.1 0.0 910
1983 10 15 1500 600 44.8 -75.0 0.0 912
1983 10 15 1500 600 45.55 -75.52 0.0 952
1983 10 15 1500 600 41.1 -72.37 0.0 2
1983 10 15 1500 600 41.95 -72.3 0.0 4
1983 10 15 1500 600 43.03 -72.8 0.0 6
1983 10 15 1500 600 44.9 -73.8 0.0 10
1983 10 15 1500 600 45.98 -74.0 0.0 52
1983 10 15 1500 600 41.73 -71.43 0.0 102
1983 10 15 1500 600 42.7 -71.17 0.0 104
1983 10 15 1500 600 44.27 -71.3 0.0 106
1983 10 15 1500 600 44.93 -72.2 0.0 108
1983 10 15 1800 300 40.78 -74.67 1.1957567677564231 703
1983 10 15 1800 300 44.68 -77.15 0.0 753
1983 10 15 1800 600 43.07 -76.83 0.0 710
1983 10 15 1800 600 42.08 -74.97 0.0 807
1983 10 15 1800 600 41.27 -73.8 0.0 904
1983 10 15 2100 300 40.78 -74.67 0.0 703
1983 10 15 2100 600 40.2 -78.25 31.324899435595462 502
1983 10 15 2100 600 40.67 -78.23 6.960685306509216 504
1983 10 15 2100 600 41.3 -78.48 0.0 506
1983 10 15 2100 600 41.8 -78.63 0.0 508
1983 10 15 2100 600 42.25 -78.8 0.0 510
1983 10 15 2100 600 42.48 -78.93 0.0 512
1983 10 15 2100 600 43.52 -79.92 0.0 554
1983 10 15 2100 600 43.98 -80.75 0.0 556
1983 10 15 2100 600 39.92 -76.75 49.022785725589294 602
1983 10 15 2100 600 41.25 -76.92 0.0 606
1983 10 15 2100 600 41.98 -77.57 0.0 608
1983 10 15 2100 600 42.88 -78.03 0.0 612
1983 10 15 2100 600 43.03 -78.18 0.0 614
1983 10 15 2100 600 43.92 -78.67 0.0 652
1983 10 15 2100 600 44.62 -79.53 0.0 654
1983 10 15 2100 600 40.37 -75.93 0.0 702
1983 10 15 2100 600 41.83 -75.87 0.0 706
1983 10 15 2100 600 42.45 -76.45 0.0 708
1983 10 15 2100 600 43.98 -77.22 0.0 752
1983 10 15 2100 600 44.28 -77.78 0.0 754
1983 10 15 2100 600 44.93 -78.72 0.0 756
1983 10 15 2100 600 39.93 -74.7 3.023154416429299 802
1983 10 15 2100 600 40.45 -74.8 0.0 803
1983 10 15 2100 600 40.9 -74.6 0.0 804
1983 10 15 2100 600 41.3 -74.67 0.0 805
1983 10 15 2100 600 41.63 -74.8 0.0 806
1983 10 15 2100 600 42.92 -75.12 0.0 809
1983 10 15 2100 600 43.23 -75.4 0.0 810
1983 10 15 2100 600 43.58 -75.52 0.0 811
1983 10 15 2100 600 44.48 -76.03 0.0 852
1983 10 15 2100 600 40.67 -73.52 0.0 902
1983 10 15 2100 600 40.85 -73.97 0.0 903
1983 10 15 2100 600 43.05 -74.2 0.0 908
1983 10 15 2100 600 43.97 -74.1 0.0 910
1983 10 15 2100 600 44.8 -75.0 0.0 912
1983 10 15 2100 600 45.55 -75.52 0.0 952
1983 10 15 2100 600 41.1 -72.37 0.0 2
1983 10 15 2100 600 41.95 -72.3 0.0 4
1983 10 15 2100 600 43.03 -72.8 0.0 6
1983 10 15 2100 600 44.9 -73.8 0.0 10
1983 10 15 2100 600 45.98 -74.0 0.0 52
1983 10 15 2100 600 41.73 -71.43 0.0 102
1983 10 15 2100 600 42.7 -71.17 0.0 104
1983 10 15 2100 600 44.27 -71.3 0.0 106
1983 10 15 2100 600 44.93 -72.2 0.0 108
1983 10 16 0 300 40.78 -74.67 0.0 703
1983 10 16 0 600 43.07 -76.83 0.0 710
1983 10 16 0 600 42.08 -74.97 0.0 807
1983 10 16 0 600 41.27 -73.8 0.0 904
1983 10 16 300 600 40.2 -78.25 5.275078566192051 502
1983 10 16 300 600 40.67 -78.23 0.0 504
1983 10 16 300 600 41.3 -78.48 0.0 506
1983 10 16 300 600 41.8 -78.63 0.0 508
1983 10 16 300 600 42.25 -78.8 0.0 510
1983 10 16 300 600 42.48 -78.93 0.0 512
1983 10 16 300 600 43.52 -79.92 0.0 554
1983 10 16 300 600 43.98 -80.75 0.0 556
1983 10 16 300 600 39.92 -76.75 1.6637271390710149 602
1983 10 16 300 600 41.25 -76.92 0.0 606
1983 10 16 300 600 41.98 -77.57 0.0 608
1983 10 16 300 600 42.88 -78.03 0.0 612
1983 10 16 300 600 43.03 -78.18 0.0 614
1983 10 16 300 600 43.92 -78.67 0.0 652
1983 10 16 300 600 44.62 -79.53 0.0 654
1983 10 16 300 600 40.37 -75.93 0.0 702
1983 10 16 300 600 41.83 -75.87 0.0 706
1983 10 16 300 600 42.45 -76.45 0.0 708
1983 10 16 300 600 43.98 -77.22 0.0 752
1983 10 16 300 600 44.28 -77.78 0.0 754
1983 10 16 300 600 44.93 -78.72 0.0 756
1983 10 16 300 600 39.93 -74.7 0.0 802
1983 10 16 300 600 40.45 -74.8 0.0 803
1983 10 16 300 600 40.9 -74.6 0.0 804
1983 10 16 300 600 41.3 -74.67 0.0 805
1983 10 16 300 600 41.63 -74.8 0.0 806
1983 10 16 300 600 42.92 -75.12 0.0 809
1983 10 16 300 600 43.23 -75.4 0.0 810
1983 10 16 300 600 43.58 -75.52 0.0 811
1983 10 16 300 600 44.48 -76.03 0.0 852
1983 10 16 300 600 40.67 -73.52 0.0 902
1983 10 16 300 600 40.85 -73.97 0.0 903
1983 10 16 300 600 43.05 -74.2 0.0 908
1983 10 16 300 600 43.97 -74.1 0.0 910
1983 10 16 300 600 44.8 -75.0 0.0 912
1983 10 16 300 600 45.55 -75.52 0.0 952
1983 10 16 300 600 41.1 -72.37 0.0 2
1983 10 16 300 600 41.95 -72.3 0.0 4
1983 10 16 300 600 43.03 -72.8 0.0 6
1983 10 16 300 600 44.9 -73.8 0.0 10
1983 10 16 300 600 45.98 -74.0 0.0 52
1983 10 16 300 600 41.73 -71.43 0.0 102
1983 10 16 300 600 42.7 -71.17 0.0 104
1983 10 16 300 600 44.27 -71.3 0.0 106
1983 10 16 300 600 44.93 -72.2 0.0 108
1983 10 16 600 600 43.07 -76.83 0.0 710
1983 10 16 600 600 41.27 -73.8 0.0 904
1983 10 16 900 600 41.83 -75.87 0.0 706
1983 10 16 900 600 42.92 -75.12 0.0 809
1983 10 16 900 600 43.23 -75.4 0.0 810
1983 10 16 900 600 43.58 -75.52 0.0 811
1983 10 16 900 600 44.48 -76.03 0.0 852
1983 10 16 900 600 40.85 -73.97 0.0 903
1983 10 16 900 600 43.97 -74.1 0.0 910
1983 10 16 900 600 44.8 -75.0 0.0 912
1983 10 16 900 600 45.55 -75.52 0.0 952
1983 10 16 900 600 41.1 -72.37 0.0 2
1983 10 16 900 600 41.95 -72.3 0.0 4
1983 10 16 900 600 44.9 -73.8 0.0 10
1983 10 16 900 600 45.98 -74.0 0.0 52
1983 10 16 900 600 41.73 -71.43 0.0 102
1983 10 16 900 600 42.7 -71.17 0.0 104
1983 10 16 900 600 44.27 -71.3 0.0 106
1983 10 16 900 600 44.93 -72.2 0.0 108
1983 10 16 1200 600 43.07 -76.83 0.0 710
1983 10 16 1200 600 41.27 -73.8 0.0 904
1983 10 16 1500 600 41.83 -75.87 0.0 706
1983 10 16 1500 600 44.9 -73.8 0.0 10
1983 10 16 1500 600 45.98 -74.0 0.0 52
1983 10 16 1500 600 44.27 -71.3 0.0 106
1983 10 16 1500 600 44.93 -72.2 0.0 108
1983 10 16 1800 600 43.07 -76.83 0.0 710
1983 10 16 2100 600 41.83 -75.87 0.0 706
