Yr Mo Da Hr dur Lat Lon Calc Site
1983 10 2 2100 300 40.38 -80.63 0.0 306
1983 10 2 2100 300 40.77 -80.75 0.0 308
1983 10 2 2100 300 40.92 -81.43 0.0 310
1983 10 2 2100 300 41.3 -81.15 0.0 312
1983 10 2 2100 300 41.42 -81.87 0.0 314
1983 10 2 2100 300 41.3 -82.22 0.0 316
1983 10 2 2100 300 41.27 -82.62 0.0 318
1983 10 2 2100 300 41.33 -83.12 0.0 320
1983 10 2 2100 600 42.7 -82.35 0.0 456
1983 10 3 0 300 40.38 -80.63 0.0 306
1983 10 3 0 300 40.77 -80.75 0.0 308
1983 10 3 0 300 40.92 -81.43 0.0 310
1983 10 3 0 300 41.3 -81.15 0.0 312
1983 10 3 0 300 41.42 -81.87 0.0 314
1983 10 3 0 300 41.3 -82.22 2.334019521025452 316
1983 10 3 0 300 41.27 -82.62 48.15535834788969 318
1983 10 3 0 300 41.33 -83.12 382.91200637815666 320
1983 10 3 0 600 40.0 -79.08 0.0 402
1983 10 3 0 600 40.43 -79.15 0.0 404
1983 10 3 0 600 40.82 -79.53 0.0 406
1983 10 3 0 600 41.2 -79.43 0.0 408
1983 10 3 0 600 41.63 -79.7 0.0 410
1983 10 3 0 600 42.08 -80.18 0.0 412
1983 10 3 0 600 42.6 -80.5 0.0 452
1983 10 3 0 600 42.67 -81.15 0.0 454
1983 10 3 0 600 40.2 -78.25 0.0 502
1983 10 3 0 600 40.67 -78.23 0.0 504
1983 10 3 0 600 41.8 -78.63 0.0 508
1983 10 3 0 600 42.25 -78.8 0.0 510
1983 10 3 0 600 42.48 -78.93 0.0 512
1983 10 3 0 600 43.18 -79.4 0.0 552
1983 10 3 0 600 43.98 -80.75 0.0 556
1983 10 3 300 300 40.38 -80.63 0.0 306
1983 10 3 300 300 40.77 -80.75 1.2333983022014652 308
1983 10 3 300 300 40.92 -81.43 47.55880039786851 310
1983 10 3 300 300 41.3 -81.15 40.37040561869182 312
1983 10 3 300 300 41.42 -81.87 1219.6758593935626 314
1983 10 3 300 300 41.3 -82.22 2163.108703547998 316
1983 10 3 300 300 41.27 -82.62 4970.801857506233 318
1983 10 3 300 300 41.33 -83.12 10643.68941411388 320
1983 10 3 300 600 42.7 -82.35 449.0384529753755 456
1983 10 3 300 600 45.98 -74.0 0.0 52
1983 10 3 600 300 40.38 -80.63 19.0913455111815 306
1983 10 3 600 300 40.77 -80.75 66.41165496205655 308
1983 10 3 600 300 40.92 -81.43 43.33079715425163 310
1983 10 3 600 300 41.3 -81.15 336.82781859120007 312
1983 10 3 600 300 41.42 -81.87 1656.321133103403 314
1983 10 3 600 300 41.3 -82.22 808.4844765473646 316
1983 10 3 600 300 41.27 -82.62 324.7863343975056 318
1983 10 3 600 300 41.33 -83.12 355.83179240713554 320
1983 10 3 600 600 40.0 -79.08 2.2926504880998073 402
1983 10 3 600 600 40.43 -79.15 9.647382199162939 404
1983 10 3 600 600 40.82 -79.53 39.82367333601616 406
1983 10 3 600 600 41.2 -79.43 57.82472575310364 408
1983 10 3 600 600 41.63 -79.7 120.6148208162687 410
1983 10 3 600 600 42.08 -80.18 526.9363552125666 412
1983 10 3 600 600 42.6 -80.5 720.6550900475728 452
1983 10 3 600 600 42.67 -81.15 711.7060778280343 454
1983 10 3 600 600 40.2 -78.25 0.0 502
1983 10 3 600 600 40.67 -78.23 0.0 504
1983 10 3 600 600 41.8 -78.63 32.95376665144233 508
1983 10 3 600 600 42.25 -78.8 91.46471385775773 510
1983 10 3 600 600 42.48 -78.93 103.6222857068501 512
1983 10 3 600 600 43.18 -79.4 52.98798265714556 552
1983 10 3 600 600 43.98 -80.75 1.6204672459090206 556
1983 10 3 600 600 39.92 -76.75 0.0 602
1983 10 3 600 600 40.48 -77.13 0.0 604
1983 10 3 600 600 41.25 -76.92 0.0 606
1983 10 3 600 600 41.98 -77.57 0.0 608
1983 10 3 600 600 42.88 -78.03 1.0050059873175996 612
1983 10 3 600 600 43.03 -78.18 1.2838397621773863 614
1983 10 3 600 600 44.23 -78.37 0.0 653
1983 10 3 600 600 44.62 -79.53 0.0 654
1983 10 3 600 600 40.37 -75.93 0.0 702
1983 10 3 600 600 41.02 -75.9 0.0 704
1983 10 3 600 600 41.83 -75.87 0.0 706
1983 10 3 600 600 42.45 -76.45 0.0 708
1983 10 3 600 600 43.98 -77.22 0.0 752
1983 10 3 600 600 44.68 -77.15 0.0 753
1983 10 3 600 600 44.28 -77.78 0.0 754
1983 10 3 900 300 40.38 -80.63 13.055857737261812 306
1983 10 3 900 300 40.77 -80.75 16.713434189042406 308
1983 10 3 900 300 40.92 -81.43 0.0 310
1983 10 3 900 300 41.3 -81.15 8.054212858249706 312
1983 10 3 900 300 41.42 -81.87 1.4682738544279432 314
1983 10 3 900 300 41.3 -82.22 0.0 316
1983 10 3 900 300 41.27 -82.62 0.0 318
1983 10 3 900 300 41.33 -83.12 0.0 320
1983 10 3 900 600 42.7 -82.35 3342.1163394696587 456
1983 10 3 900 600 45.98 -74.0 0.0 52
1983 10 3 1200 300 40.38 -80.63 1.512380313238807 306
1983 10 3 1200 300 40.77 -80.75 0.0 308
1983 10 3 1200 300 40.92 -81.43 0.0 310
1983 10 3 1200 300 41.3 -81.15 0.0 312
1983 10 3 1200 300 41.42 -81.87 0.0 314
1983 10 3 1200 300 41.3 -82.22 0.0 316
1983 10 3 1200 300 41.27 -82.62 0.0 318
1983 10 3 1200 300 41.33 -83.12 0.0 320
1983 10 3 1200 600 40.0 -79.08 78.70766248631385 402
1983 10 3 1200 600 40.43 -79.15 92.39091039882739 404
1983 10 3 1200 600 40.82 -79.53 52.9423452325102 406
1983 10 3 1200 600 41.2 -79.43 58.990642137376696 408
1983 10 3 1200 600 41.63 -79.7 27.03930793523914 410
1983 10 3 1200 600 42.08 -80.18 21.941569175781424 412
1983 10 3 1200 600 42.6 -80.5 94.7172647990639 452
1983 10 3 1200 600 42.67 -81.15 47.23555351482662 454
1983 10 3 1200 600 40.2 -78.25 274.3142228309359 502
1983 10 3 1200 600 40.67 -78.23 295.8059334900125 504
1983 10 3 1200 600 41.8 -78.63 197.73186588085355 508
1983 10 3 1200 600 42.25 -78.8 285.83009566683086 510
1983 10 3 1200 600 42.48 -78.93 377.44695801149896 512
1983 10 3 1200 600 43.18 -79.4 786.7762554760847 552
1983 10 3 1200 600 39.92 -76.75 18.912258428767924 602
1983 10 3 1200 600 40.48 -77.13 214.97704156137812 604
1983 10 3 1200 600 41.98 -77.57 348.43535882983304 608
1983 10 3 1200 600 42.88 -78.03 232.91254622053594 612
1983 10 3 1200 600 43.03 -78.18 247.88108683961602 614
1983 10 3 1200 600 43.92 -78.67 573.4876172306227 652
1983 10 3 1200 600 44.23 -78.37 433.4999188691842 653
1983 10 3 1200 600 44.62 -79.53 292.332216229156 654
1983 10 3 1200 600 40.37 -75.93 3.578465755221018 702
1983 10 3 1200 600 40.78 -74.67 0.0 703
1983 10 3 1200 600 41.02 -75.9 17.831715433086252 704
1983 10 3 1200 600 41.83 -75.87 49.18507343163813 706
1983 10 3 1200 600 42.45 -76.45 226.69459078558728 708
1983 10 3 1200 600 43.07 -76.83 165.80583490934274 710
1983 10 3 1200 600 43.98 -77.22 152.1640518072595 752
1983 10 3 1200 600 44.68 -77.15 113.74880718296049 753
1983 10 3 1200 600 44.28 -77.78 275.855592468047 754
1983 10 3 1200 600 39.93 -74.7 0.0 802
1983 10 3 1200 600 40.9 -74.6 0.0 804
1983 10 3 1200 600 41.3 -74.67 0.0 805
1983 10 3 1200 600 42.08 -74.97 0.0 807
1983 10 3 1200 600 42.47 -75.07 2.3783684866927097 808
1983 10 3 1200 600 42.92 -75.12 4.710837907175292 809
1983 10 3 1200 600 43.23 -75.4 12.078352114774823 810
1983 10 3 1200 600 43.58 -75.52 13.013438993427723 811
1983 10 3 1200 600 44.48 -76.03 21.09755262930161 852
1983 10 3 1200 600 40.67 -73.52 0.0 902
1983 10 3 1200 600 41.27 -73.8 0.0 904
1983 10 3 1200 600 43.05 -74.2 0.0 908
1983 10 3 1200 600 43.97 -74.1 0.0 910
1983 10 3 1200 600 44.8 -75.0 3.1486771449224307 912
1983 10 3 1200 600 45.55 -75.52 2.6222795522361277 952
1983 10 3 1200 600 43.03 -72.8 0.0 6
1983 10 3 1200 600 43.95 -73.22 0.0 8
1983 10 3 1200 600 44.9 -73.8 0.0 10
1983 10 3 1500 600 42.7 -82.35 0.0 456
1983 10 3 1500 600 41.95 -72.3 0.0 4
1983 10 3 1500 600 45.98 -74.0 9.813160049178279 52
1983 10 3 1800 600 40.0 -79.08 3.5424579071671167 402
1983 10 3 1800 600 40.43 -79.15 1.3043176390759954 404
1983 10 3 1800 600 40.82 -79.53 0.0 406
1983 10 3 1800 600 41.63 -79.7 0.0 410
1983 10 3 1800 600 42.08 -80.18 0.0 412
1983 10 3 1800 600 42.6 -80.5 0.0 452
1983 10 3 1800 600 42.67 -81.15 0.0 454
1983 10 3 1800 600 40.2 -78.25 91.4280472935576 502
1983 10 3 1800 600 40.67 -78.23 61.563041627707946 504
1983 10 3 1800 600 41.8 -78.63 1.7468053687499916 508
1983 10 3 1800 600 42.25 -78.8 0.0 510
1983 10 3 1800 600 42.48 -78.93 0.0 512
1983 10 3 1800 600 43.18 -79.4 0.0 552
1983 10 3 1800 600 43.52 -79.92 0.0 554
1983 10 3 1800 600 43.98 -80.75 2.1169782481832775 556
1983 10 3 1800 600 39.92 -76.75 347.93152604009117 602
1983 10 3 1800 600 40.48 -77.13 847.8494369589902 604
1983 10 3 1800 600 41.98 -77.57 69.26424550699926 608
1983 10 3 1800 600 42.88 -78.03 2.9050099562420035 612
1983 10 3 1800 600 43.03 -78.18 2.740745496535408 614
1983 10 3 1800 600 43.92 -78.67 17.013285889482372 652
1983 10 3 1800 600 44.23 -78.37 56.42741398745518 653
1983 10 3 1800 600 44.62 -79.53 55.000725968492354 654
1983 10 3 1800 600 40.37 -75.93 206.96871312960783 702
1983 10 3 1800 600 40.78 -74.67 177.3854484938368 703
1983 10 3 1800 600 41.02 -75.9 568.756969834997 704
1983 10 3 1800 600 41.83 -75.87 683.1916637163566 706
1983 10 3 1800 600 42.45 -76.45 295.0412839591776 708
1983 10 3 1800 600 43.07 -76.83 57.6738073540564 710
1983 10 3 1800 600 43.98 -77.22 89.75347986584828 752
1983 10 3 1800 600 44.68 -77.15 277.8282866607067 753
1983 10 3 1800 600 44.28 -77.78 109.97651144751313 754
1983 10 3 1800 600 39.93 -74.7 33.385989464480055 802
1983 10 3 1800 600 40.9 -74.6 215.79047770353048 804
1983 10 3 1800 600 41.3 -74.67 346.6686872086002 805
1983 10 3 1800 600 42.08 -74.97 384.24792807005605 807
1983 10 3 1800 600 42.47 -75.07 319.0594157967959 808
1983 10 3 1800 600 42.92 -75.12 209.41528270869526 809
1983 10 3 1800 600 43.23 -75.4 151.28341071406973 810
1983 10 3 1800 600 43.58 -75.52 107.68368263198376 811
1983 10 3 1800 600 44.48 -76.03 171.75128873855363 852
1983 10 3 1800 600 40.67 -73.52 0.0 902
1983 10 3 1800 600 41.27 -73.8 45.863119448764124 904
1983 10 3 1800 600 43.05 -74.2 887.6935706838735 908
1983 10 3 1800 600 43.97 -74.1 440.36986265214904 910
1983 10 3 1800 600 44.8 -75.0 139.31523292239558 912
1983 10 3 1800 600 45.55 -75.52 505.84390807973426 952
1983 10 3 1800 600 43.03 -72.8 8.353745887534014 6
1983 10 3 1800 600 43.95 -73.22 243.55870978515006 8
1983 10 3 1800 600 44.9 -73.8 244.90678697864243 10
1983 10 3 1800 600 41.73 -71.43 0.0 102
1983 10 3 1800 600 44.27 -71.3 0.0 106
1983 10 3 1800 600 44.93 -72.2 7.66377586141069 108
1983 10 3 1800 600 46.07 -72.58 42.57072466535467 152
1983 10 3 2100 600 42.7 -82.35 0.0 456
1983 10 3 2100 600 41.95 -72.3 5.92534632186368 4
1983 10 3 2100 600 45.98 -74.0 687.820976815773 52
1983 10 3 2100 600 44.4 -71.18 25.726717082025736 107
1983 10 4 0 600 40.0 -79.08 0.0 402
1983 10 4 0 600 40.43 -79.15 0.0 404
1983 10 4 0 600 40.82 -79.53 0.0 406
1983 10 4 0 600 41.2 -79.43 0.0 408
1983 10 4 0 600 41.63 -79.7 0.0 410
1983 10 4 0 600 42.08 -80.18 0.0 412
1983 10 4 0 600 42.6 -80.5 0.0 452
1983 10 4 0 600 42.67 -81.15 0.0 454
1983 10 4 0 600 40.2 -78.25 10.739131575388805 502
1983 10 4 0 600 40.67 -78.23 4.508651031984524 504
1983 10 4 0 600 41.8 -78.63 0.0 508
1983 10 4 0 600 42.25 -78.8 0.0 510
1983 10 4 0 600 42.48 -78.93 0.0 512
1983 10 4 0 600 43.18 -79.4 0.0 552
1983 10 4 0 600 43.52 -79.92 0.0 554
1983 10 4 0 600 43.98 -80.75 0.0 556
1983 10 4 0 600 39.92 -76.75 111.18805061752315 602
1983 10 4 0 600 40.48 -77.13 118.64232457788863 604
1983 10 4 0 600 41.98 -77.57 0.0 608
1983 10 4 0 600 42.88 -78.03 0.0 612
1983 10 4 0 600 43.03 -78.18 0.0 614
1983 10 4 0 600 43.92 -78.67 0.0 652
1983 10 4 0 600 44.23 -78.37 0.0 653
1983 10 4 0 600 40.37 -75.93 188.05222429607878 702
1983 10 4 0 600 40.78 -74.67 808.0439588550757 703
1983 10 4 0 600 41.02 -75.9 361.3855399568981 704
1983 10 4 0 600 41.83 -75.87 169.8708733944238 706
1983 10 4 0 600 42.45 -76.45 5.734021147110295 708
1983 10 4 0 600 43.07 -76.83 0.0 710
1983 10 4 0 600 43.98 -77.22 0.0 752
1983 10 4 0 600 44.68 -77.15 25.603713208209733 753
1983 10 4 0 600 44.28 -77.78 1.3893095103292619 754
1983 10 4 0 600 39.93 -74.7 177.20893333487558 802
1983 10 4 0 600 40.9 -74.6 1096.8336326600788 804
1983 10 4 0 600 41.3 -74.67 1125.804061224517 805
1983 10 4 0 600 42.08 -74.97 303.3330810355818 807
1983 10 4 0 600 42.47 -75.07 134.55117216600462 808
1983 10 4 0 600 42.92 -75.12 33.4162709306492 809
1983 10 4 0 600 43.23 -75.4 4.97726279148682 810
1983 10 4 0 600 43.58 -75.52 0.0 811
1983 10 4 0 600 44.48 -76.03 17.697419327362663 852
1983 10 4 0 600 40.67 -73.52 31.76348708930101 902
1983 10 4 0 600 41.27 -73.8 316.0261782456802 904
1983 10 4 0 600 43.05 -74.2 2569.3489217563756 908
1983 10 4 0 600 43.97 -74.1 666.7940515468202 910
1983 10 4 0 600 44.8 -75.0 85.00403030357265 912
1983 10 4 0 600 45.55 -75.52 523.120123510312 952
1983 10 4 0 600 43.03 -72.8 176.8742458600293 6
1983 10 4 0 600 43.95 -73.22 1220.727810806584 8
1983 10 4 0 600 44.9 -73.8 391.43186240905135 10
1983 10 4 0 600 41.73 -71.43 24.106077259873462 102
1983 10 4 0 600 44.27 -71.3 93.72531594871059 106
1983 10 4 0 600 44.93 -72.2 39.459910868485494 108
1983 10 4 0 600 46.07 -72.58 676.4436148087012 152
1983 10 4 300 600 42.7 -82.35 0.0 456
1983 10 4 300 600 41.95 -72.3 440.964165290386 4
1983 10 4 300 600 45.98 -74.0 1052.313371807822 52
1983 10 4 300 600 44.4 -71.18 198.99894894742633 107
1983 10 4 600 600 40.0 -79.08 0.0 402
1983 10 4 600 600 40.43 -79.15 0.0 404
1983 10 4 600 600 40.82 -79.53 0.0 406
1983 10 4 600 600 41.2 -79.43 0.0 408
1983 10 4 600 600 42.08 -80.18 0.0 412
1983 10 4 600 600 42.6 -80.5 0.0 452
1983 10 4 600 600 42.67 -81.15 0.0 454
1983 10 4 600 600 40.2 -78.25 1.0586140926667078 502
1983 10 4 600 600 40.67 -78.23 0.0 504
1983 10 4 600 600 41.8 -78.63 0.0 508
1983 10 4 600 600 42.25 -78.8 0.0 510
1983 10 4 600 600 42.48 -78.93 0.0 512
1983 10 4 600 600 43.18 -79.4 0.0 552
1983 10 4 600 600 43.52 -79.92 0.0 554
1983 10 4 600 600 43.98 -80.75 0.0 556
1983 10 4 600 600 39.92 -76.75 8.32648887051138 602
1983 10 4 600 600 40.48 -77.13 8.647996735646608 604
1983 10 4 600 600 41.25 -76.92 4.097661822820665 606
1983 10 4 600 600 41.98 -77.57 0.0 608
1983 10 4 600 600 42.88 -78.03 0.0 612
1983 10 4 600 600 43.03 -78.18 0.0 614
1983 10 4 600 600 43.92 -78.67 0.0 652
1983 10 4 600 600 44.23 -78.37 1.1800296902138265 653
1983 10 4 600 600 44.62 -79.53 0.0 654
1983 10 4 600 600 40.37 -75.93 37.2606553763558 702
1983 10 4 600 600 40.78 -74.67 372.8535441108215 703
1983 10 4 600 600 41.02 -75.9 46.73606829485412 704
1983 10 4 600 600 41.83 -75.87 15.96689414999091 706
1983 10 4 600 600 42.45 -76.45 0.0 708
1983 10 4 600 600 43.07 -76.83 0.0 710
1983 10 4 600 600 43.98 -77.22 0.0 752
1983 10 4 600 600 44.68 -77.15 14.330229750211558 753
1983 10 4 600 600 44.28 -77.78 2.287909943912753 754
1983 10 4 600 600 39.93 -74.7 123.84413034930077 802
1983 10 4 600 600 40.9 -74.6 449.265824112492 804
1983 10 4 600 600 41.3 -74.67 449.3723514642925 805
1983 10 4 600 600 42.08 -74.97 105.40590035637094 807
1983 10 4 600 600 42.47 -75.07 42.73663590742263 808
1983 10 4 600 600 42.92 -75.12 13.999493429145769 809
1983 10 4 600 600 43.23 -75.4 2.6966571003879722 810
1983 10 4 600 600 43.58 -75.52 0.0 811
1983 10 4 600 600 44.48 -76.03 9.80580677368029 852
1983 10 4 600 600 40.67 -73.52 179.29367476033386 902
1983 10 4 600 600 41.27 -73.8 583.4495476620472 904
1983 10 4 600 600 43.05 -74.2 449.84629452724937 908
1983 10 4 600 600 43.97 -74.1 158.1206795805053 910
1983 10 4 600 600 44.8 -75.0 36.88085101271659 912
1983 10 4 600 600 45.55 -75.52 151.90986693518394 952
1983 10 4 600 600 43.03 -72.8 606.5197487045925 6
1983 10 4 600 600 43.95 -73.22 530.9114909522933 8
1983 10 4 600 600 44.9 -73.8 111.14286537790548 10
1983 10 4 600 600 41.73 -71.43 390.51673008753687 102
1983 10 4 600 600 44.27 -71.3 385.61434778921864 106
1983 10 4 600 600 44.93 -72.2 46.00677320631025 108
1983 10 4 600 600 46.07 -72.58 328.13790373023727 152
1983 10 4 900 600 41.95 -72.3 706.9681821540014 4
1983 10 4 900 600 45.98 -74.0 39.339154138403146 52
1983 10 4 900 600 44.4 -71.18 245.58972372312067 107
1983 10 4 1200 600 39.92 -76.75 2.19435301698246 602
1983 10 4 1200 600 40.48 -77.13 0.0 604
1983 10 4 1200 600 41.25 -76.92 0.0 606
1983 10 4 1200 600 41.98 -77.57 0.0 608
1983 10 4 1200 600 42.88 -78.03 0.0 612
1983 10 4 1200 600 43.03 -78.18 0.0 614
1983 10 4 1200 600 43.92 -78.67 0.0 652
1983 10 4 1200 600 44.23 -78.37 0.0 653
1983 10 4 1200 600 44.62 -79.53 1.151314891125109 654
1983 10 4 1200 600 40.37 -75.93 11.591739714806561 702
1983 10 4 1200 600 40.78 -74.67 54.47529592463007 703
1983 10 4 1200 600 41.83 -75.87 1.4105139200988415 706
1983 10 4 1200 600 42.45 -76.45 0.0 708
1983 10 4 1200 600 43.07 -76.83 0.0 710
1983 10 4 1200 600 43.98 -77.22 0.0 752
1983 10 4 1200 600 44.68 -77.15 4.393804630274339 753
1983 10 4 1200 600 44.28 -77.78 1.2319306878619536 754
1983 10 4 1200 600 39.93 -74.7 5.727172273973782 802
1983 10 4 1200 600 40.9 -74.6 62.86157833494203 804
1983 10 4 1200 600 41.3 -74.67 53.62351065256908 805
1983 10 4 1200 600 42.08 -74.97 7.036431986702797 807
1983 10 4 1200 600 42.47 -75.07 2.9548947370805156 808
1983 10 4 1200 600 42.92 -75.12 1.0600479334896191 809
1983 10 4 1200 600 43.23 -75.4 0.0 810
1983 10 4 1200 600 44.48 -76.03 4.12857317999625 852
1983 10 4 1200 600 40.67 -73.52 41.177270220454055 902
1983 10 4 1200 600 41.27 -73.8 111.02349602907437 904
1983 10 4 1200 600 43.05 -74.2 5.741761844001917 908
1983 10 4 1200 600 43.97 -74.1 1.7895505727135994 910
1983 10 4 1200 600 44.8 -75.0 11.139797159669335 912
1983 10 4 1200 600 45.55 -75.52 3.4944982557465614 952
1983 10 4 1200 600 41.1 -72.37 110.97880131997898 2
1983 10 4 1200 600 43.03 -72.8 65.54602161940804 6
1983 10 4 1200 600 43.95 -73.22 6.022527925350388 8
1983 10 4 1200 600 44.9 -73.8 17.171268932252016 10
1983 10 4 1200 600 41.73 -71.43 311.36936354358045 102
1983 10 4 1200 600 44.27 -71.3 44.89946688229881 106
1983 10 4 1200 600 44.93 -72.2 25.784162545448606 108
1983 10 4 1200 600 46.07 -72.58 1.3581837182908314 152
1983 10 4 1500 600 40.45 -74.8 3.383809740363299 803
1983 10 4 1500 600 41.95 -72.3 75.13362977553756 4
1983 10 4 1500 600 44.4 -71.18 23.536422482113 107
1983 10 4 1800 600 41.25 -76.92 0.0 606
1983 10 4 1800 600 40.78 -74.67 0.0 703
1983 10 4 1800 600 43.07 -76.83 0.0 710
1983 10 4 1800 600 39.93 -74.7 0.0 802
1983 10 4 1800 600 40.9 -74.6 0.0 804
1983 10 4 1800 600 41.3 -74.67 0.0 805
1983 10 4 1800 600 42.08 -74.97 0.0 807
1983 10 4 1800 600 42.47 -75.07 0.0 808
1983 10 4 1800 600 42.92 -75.12 0.0 809
1983 10 4 1800 600 43.23 -75.4 0.0 810
1983 10 4 1800 600 43.58 -75.52 0.0 811
1983 10 4 1800 600 44.48 -76.03 2.8451040823957734 852
1983 10 4 1800 600 40.67 -73.52 2.294377956524623 902
1983 10 4 1800 600 41.27 -73.8 3.1948842689054175 904
1983 10 4 1800 600 43.05 -74.2 0.0 908
1983 10 4 1800 600 43.97 -74.1 2.406831658355495 910
1983 10 4 1800 600 44.8 -75.0 8.99933663021882 912
1983 10 4 1800 600 45.55 -75.52 4.815997981532513 952
1983 10 4 1800 600 41.1 -72.37 11.870314230137698 2
1983 10 4 1800 600 43.03 -72.8 3.744202675628179 6
1983 10 4 1800 600 43.95 -73.22 4.160300263901817 8
1983 10 4 1800 600 44.9 -73.8 15.012802216247414 10
1983 10 4 1800 600 41.73 -71.43 50.83855177259946 102
1983 10 4 1800 600 44.27 -71.3 21.651262648849446 106
1983 10 4 1800 600 44.93 -72.2 21.74961574700192 108
1983 10 4 1800 600 46.07 -72.58 0.0 152
1983 10 4 2100 600 40.45 -74.8 0.0 803
1983 10 4 2100 600 41.95 -72.3 6.112145918791244 4
1983 10 4 2100 600 44.4 -71.18 19.154852800219793 107
1983 10 5 0 600 41.25 -76.92 0.0 606
1983 10 5 0 600 41.73 -71.43 3.4455013242973993 102
1983 10 5 0 600 44.27 -71.3 12.488064594418567 106
1983 10 5 0 600 44.93 -72.2 10.049966207940253 108
1983 10 5 0 600 46.07 -72.58 4.639432705930423 152
1983 10 5 300 600 40.45 -74.8 0.0 803
1983 10 5 300 600 44.4 -71.18 9.608642083356436 107
1983 10 5 900 600 40.45 -74.8 0.0 803
1983 10 5 1200 600 41.25 -76.92 0.0 606
