Yr Mo Da Hr dur Lat Lon Calc Site
1983 9 25 1800 300 40.38 -80.63 0.0 306
1983 9 25 1800 300 40.77 -80.75 0.0 308
1983 9 25 1800 300 40.92 -81.43 0.0 310
1983 9 25 1800 300 41.3 -81.15 0.0 312
1983 9 25 1800 300 41.42 -81.87 0.0 314
1983 9 25 1800 300 41.3 -82.22 0.0 316
1983 9 25 1800 300 41.27 -82.62 0.0 318
1983 9 25 1800 300 41.33 -83.12 0.0 320
1983 9 25 1800 600 40.2 -78.25 0.0 502
1983 9 25 2100 300 40.38 -80.63 0.0 306
1983 9 25 2100 300 40.77 -80.75 0.0 308
1983 9 25 2100 300 40.92 -81.43 0.0 310
1983 9 25 2100 300 41.3 -81.15 0.0 312
1983 9 25 2100 300 41.42 -81.87 0.0 314
1983 9 25 2100 300 41.3 -82.22 0.0 316
1983 9 25 2100 300 41.27 -82.62 0.0 318
1983 9 25 2100 300 41.33 -83.12 0.0 320
1983 9 25 2100 600 40.0 -79.08 0.0 402
1983 9 25 2100 600 40.43 -79.15 0.0 404
1983 9 25 2100 600 40.82 -79.53 0.0 406
1983 9 25 2100 600 41.2 -79.43 0.0 408
1983 9 25 2100 600 41.63 -79.7 0.0 410
1983 9 25 2100 600 42.08 -80.18 0.0 412
1983 9 25 2100 600 42.6 -80.5 0.0 452
1983 9 25 2100 600 42.67 -81.15 0.0 454
1983 9 25 2100 600 42.7 -82.35 0.0 456
1983 9 25 2100 600 40.67 -78.23 0.0 504
1983 9 25 2100 600 41.8 -78.63 0.0 508
1983 9 25 2100 600 42.48 -78.93 0.0 512
1983 9 25 2100 600 43.52 -79.92 0.0 554
1983 9 25 2100 600 43.98 -80.75 0.0 556
1983 9 26 0 300 40.38 -80.63 0.0 306
1983 9 26 0 300 40.77 -80.75 0.0 308
1983 9 26 0 300 40.92 -81.43 0.0 310
1983 9 26 0 300 41.3 -81.15 0.0 312
1983 9 26 0 300 41.42 -81.87 2.785941940676162 314
1983 9 26 0 300 41.3 -82.22 10.365162194591921 316
1983 9 26 0 300 41.27 -82.62 44.35153004305625 318
1983 9 26 0 300 41.33 -83.12 9.122495758277568 320
1983 9 26 0 600 40.2 -78.25 0.0 502
1983 9 26 300 300 40.38 -80.63 0.0 306
1983 9 26 300 300 40.77 -80.75 0.0 308
1983 9 26 300 300 40.92 -81.43 0.0 310
1983 9 26 300 300 41.3 -81.15 12.746925735840614 312
1983 9 26 300 300 41.42 -81.87 865.7067469483293 314
1983 9 26 300 300 41.3 -82.22 966.9121429251782 316
1983 9 26 300 300 41.27 -82.62 1000.2320112812707 318
1983 9 26 300 300 41.33 -83.12 45.574199821448936 320
1983 9 26 300 600 40.0 -79.08 0.0 402
1983 9 26 300 600 40.43 -79.15 0.0 404
1983 9 26 300 600 40.82 -79.53 0.0 406
1983 9 26 300 600 41.2 -79.43 0.0 408
1983 9 26 300 600 42.08 -80.18 351.49317245227405 412
1983 9 26 300 600 42.6 -80.5 170.37683620862433 452
1983 9 26 300 600 42.67 -81.15 73.33437721396196 454
1983 9 26 300 600 42.7 -82.35 0.0 456
1983 9 26 300 600 40.67 -78.23 0.0 504
1983 9 26 300 600 41.8 -78.63 0.0 508
1983 9 26 300 600 42.48 -78.93 1.810303338888301 512
1983 9 26 300 600 43.18 -79.4 0.0 552
1983 9 26 300 600 43.52 -79.92 0.0 554
1983 9 26 300 600 43.98 -80.75 0.0 556
1983 9 26 300 600 39.92 -76.75 0.0 602
1983 9 26 300 600 40.48 -77.13 0.0 604
1983 9 26 300 600 41.98 -77.57 0.0 608
1983 9 26 300 600 42.88 -78.03 0.0 612
1983 9 26 300 600 43.03 -78.18 0.0 614
1983 9 26 300 600 43.92 -78.67 0.0 652
1983 9 26 300 600 44.23 -78.37 0.0 653
1983 9 26 300 600 44.62 -79.53 0.0 654
1983 9 26 600 300 40.38 -80.63 0.0 306
1983 9 26 600 300 40.77 -80.75 0.0 308
1983 9 26 600 300 40.92 -81.43 27.861638820100517 310
1983 9 26 600 300 41.3 -81.15 207.8819695053531 312
1983 9 26 600 300 41.42 -81.87 3043.5111183361987 314
1983 9 26 600 300 41.3 -82.22 3640.02889470476 316
1983 9 26 600 300 41.27 -82.62 2017.3928300940238 318
1983 9 26 600 300 41.33 -83.12 56.34217964482529 320
1983 9 26 600 600 40.2 -78.25 0.0 502
1983 9 26 900 300 40.38 -80.63 0.0 306
1983 9 26 900 300 40.77 -80.75 2.561298687663344 308
1983 9 26 900 300 40.92 -81.43 669.4044833814099 310
1983 9 26 900 300 41.3 -81.15 2473.405919094112 312
1983 9 26 900 300 41.42 -81.87 4091.291690904276 314
1983 9 26 900 300 41.3 -82.22 4916.454237638488 316
1983 9 26 900 300 41.27 -82.62 955.6949605440359 318
1983 9 26 900 300 41.33 -83.12 7.551573424603454 320
1983 9 26 900 600 40.0 -79.08 0.0 402
1983 9 26 900 600 40.43 -79.15 0.0 404
1983 9 26 900 600 40.82 -79.53 2.452512584033535 406
1983 9 26 900 600 41.2 -79.43 22.407025157683847 408
1983 9 26 900 600 41.63 -79.7 300.16227364668146 410
1983 9 26 900 600 42.08 -80.18 1196.4649693585811 412
1983 9 26 900 600 42.6 -80.5 559.1798628537867 452
1983 9 26 900 600 42.67 -81.15 7.8911718970881655 454
1983 9 26 900 600 42.7 -82.35 0.0 456
1983 9 26 900 600 40.67 -78.23 0.0 504
1983 9 26 900 600 41.8 -78.63 10.584811318679792 508
1983 9 26 900 600 42.48 -78.93 180.5127937692807 512
1983 9 26 900 600 43.18 -79.4 241.20176960120148 552
1983 9 26 900 600 43.52 -79.92 0.0 554
1983 9 26 900 600 43.98 -80.75 0.0 556
1983 9 26 900 600 39.92 -76.75 0.0 602
1983 9 26 900 600 40.48 -77.13 0.0 604
1983 9 26 900 600 41.98 -77.57 4.577046214758405 608
1983 9 26 900 600 42.88 -78.03 80.37589762785231 612
1983 9 26 900 600 43.03 -78.18 89.18874871027424 614
1983 9 26 900 600 43.92 -78.67 1.3245794934451278 652
1983 9 26 900 600 44.23 -78.37 0.0 653
1983 9 26 900 600 44.62 -79.53 0.0 654
1983 9 26 900 600 41.02 -75.9 0.0 704
1983 9 26 900 600 41.83 -75.87 0.0 706
1983 9 26 900 600 42.45 -76.45 0.0 708
1983 9 26 900 600 43.98 -77.22 1.8576639666628825 752
1983 9 26 900 600 44.68 -77.15 0.0 753
1983 9 26 900 600 44.28 -77.78 0.0 754
1983 9 26 900 600 39.93 -74.7 0.0 802
1983 9 26 900 600 40.45 -74.8 0.0 803
1983 9 26 900 600 40.9 -74.6 0.0 804
1983 9 26 900 600 41.3 -74.67 0.0 805
1983 9 26 900 600 41.63 -74.8 0.0 806
1983 9 26 900 600 42.08 -74.97 0.0 807
1983 9 26 900 600 42.47 -75.07 0.0 808
1983 9 26 900 600 43.23 -75.4 0.0 810
1983 9 26 900 600 43.58 -75.52 0.0 811
1983 9 26 900 600 44.0 -76.02 0.0 812
1983 9 26 900 600 44.48 -76.03 0.0 852
1983 9 26 1200 600 40.2 -78.25 0.0 502
1983 9 26 1200 600 43.07 -76.83 137.19383266030638 710
1983 9 26 1500 600 40.0 -79.08 0.0 402
1983 9 26 1500 600 40.43 -79.15 2.51975392312983 404
1983 9 26 1500 600 40.82 -79.53 67.91908513861645 406
1983 9 26 1500 600 41.2 -79.43 317.4179363877914 408
1983 9 26 1500 600 41.63 -79.7 713.8906303246131 410
1983 9 26 1500 600 42.08 -80.18 317.3515100184863 412
1983 9 26 1500 600 42.6 -80.5 15.773274786380137 452
1983 9 26 1500 600 42.67 -81.15 0.0 454
1983 9 26 1500 600 42.7 -82.35 0.0 456
1983 9 26 1500 600 40.67 -78.23 2.545099716903217 504
1983 9 26 1500 600 41.8 -78.63 764.6276290617864 508
1983 9 26 1500 600 42.25 -78.8 914.5271392277533 510
1983 9 26 1500 600 42.48 -78.93 759.9414849364655 512
1983 9 26 1500 600 43.18 -79.4 57.524527623431474 552
1983 9 26 1500 600 43.52 -79.92 0.0 554
1983 9 26 1500 600 43.98 -80.75 0.0 556
1983 9 26 1500 600 39.92 -76.75 0.0 602
1983 9 26 1500 600 40.48 -77.13 0.0 604
1983 9 26 1500 600 41.98 -77.57 537.416296364515 608
1983 9 26 1500 600 42.88 -78.03 739.2291313914044 612
1983 9 26 1500 600 43.03 -78.18 647.7882452243731 614
1983 9 26 1500 600 43.92 -78.67 5.982610967532452 652
1983 9 26 1500 600 44.23 -78.37 2.3604010312849057 653
1983 9 26 1500 600 44.62 -79.53 0.0 654
1983 9 26 1500 600 41.02 -75.9 5.394696592226272 704
1983 9 26 1500 600 41.83 -75.87 113.66044587335301 706
1983 9 26 1500 600 42.45 -76.45 360.13138987347804 708
1983 9 26 1500 600 43.98 -77.22 57.30484512899364 752
1983 9 26 1500 600 44.68 -77.15 1.462608932156374 753
1983 9 26 1500 600 44.28 -77.78 7.330352554157132 754
1983 9 26 1500 600 39.93 -74.7 0.0 802
1983 9 26 1500 600 40.45 -74.8 0.0 803
1983 9 26 1500 600 40.9 -74.6 1.2588890021645271 804
1983 9 26 1500 600 41.3 -74.67 4.679393009642242 805
1983 9 26 1500 600 41.63 -74.8 12.755976643138302 806
1983 9 26 1500 600 42.08 -74.97 41.67011752292479 807
1983 9 26 1500 600 42.47 -75.07 66.42203149444519 808
1983 9 26 1500 600 43.23 -75.4 55.68072632843355 810
1983 9 26 1500 600 43.58 -75.52 24.80743822221864 811
1983 9 26 1500 600 44.0 -76.02 11.862156978610335 812
1983 9 26 1500 600 44.48 -76.03 2.247321073069989 852
1983 9 26 1500 600 40.67 -73.52 0.0 902
1983 9 26 1500 600 43.05 -74.2 19.002163764099905 908
1983 9 26 1500 600 44.8 -75.0 0.0 912
1983 9 26 1500 600 45.55 -75.52 0.0 952
1983 9 26 1800 600 40.2 -78.25 0.0 502
1983 9 26 1800 600 43.07 -76.83 1217.483396264947 710
1983 9 26 2100 600 40.0 -79.08 0.0 402
1983 9 26 2100 600 40.43 -79.15 1.2434892970648241 404
1983 9 26 2100 600 40.82 -79.53 14.608228339148965 406
1983 9 26 2100 600 41.2 -79.43 98.84123033825638 408
1983 9 26 2100 600 41.63 -79.7 119.74227371009714 410
1983 9 26 2100 600 42.08 -80.18 7.77485173020114 412
1983 9 26 2100 600 42.6 -80.5 0.0 452
1983 9 26 2100 600 42.67 -81.15 0.0 454
1983 9 26 2100 600 42.7 -82.35 0.0 456
1983 9 26 2100 600 40.67 -78.23 10.26570366658156 504
1983 9 26 2100 600 41.8 -78.63 385.29430527350297 508
1983 9 26 2100 600 42.25 -78.8 107.72945817459552 510
1983 9 26 2100 600 42.48 -78.93 39.80083277806131 512
1983 9 26 2100 600 43.18 -79.4 1.646340743671075 552
1983 9 26 2100 600 43.52 -79.92 0.0 554
1983 9 26 2100 600 43.98 -80.75 0.0 556
1983 9 26 2100 600 39.92 -76.75 0.0 602
1983 9 26 2100 600 40.48 -77.13 4.204821659827158 604
1983 9 26 2100 600 41.98 -77.57 1019.0735307694729 608
1983 9 26 2100 600 42.88 -78.03 456.04909808673506 612
1983 9 26 2100 600 43.03 -78.18 243.40714550991464 614
1983 9 26 2100 600 43.92 -78.67 7.8532882322600495 652
1983 9 26 2100 600 44.23 -78.37 8.011426487513292 653
1983 9 26 2100 600 44.62 -79.53 0.0 654
1983 9 26 2100 600 40.37 -75.93 3.44617063637228 702
1983 9 26 2100 600 40.78 -74.67 9.356729118661628 703
1983 9 26 2100 600 41.02 -75.9 23.217273597033465 704
1983 9 26 2100 600 41.83 -75.87 146.9340044000573 706
1983 9 26 2100 600 42.45 -76.45 1510.8319748828212 708
1983 9 26 2100 600 43.98 -77.22 296.98222347190557 752
1983 9 26 2100 600 44.28 -77.78 30.375755657243538 754
1983 9 26 2100 600 39.93 -74.7 0.0 802
1983 9 26 2100 600 40.45 -74.8 3.32555898308057 803
1983 9 26 2100 600 40.9 -74.6 12.910700745254307 804
1983 9 26 2100 600 41.3 -74.67 40.24620763848767 805
1983 9 26 2100 600 41.63 -74.8 79.65225887082099 806
1983 9 26 2100 600 42.08 -74.97 149.63957448680975 807
1983 9 26 2100 600 42.47 -75.07 382.3141511706052 808
1983 9 26 2100 600 43.23 -75.4 708.5086339928597 810
1983 9 26 2100 600 43.58 -75.52 280.4166715992624 811
1983 9 26 2100 600 44.0 -76.02 321.2780438477367 812
1983 9 26 2100 600 44.48 -76.03 102.54261789345945 852
1983 9 26 2100 600 40.67 -73.52 1.451886940977749 902
1983 9 26 2100 600 41.27 -73.8 14.066343417219986 904
1983 9 26 2100 600 43.05 -74.2 298.4244948160268 908
1983 9 26 2100 600 43.97 -74.1 26.721431270247017 910
1983 9 26 2100 600 44.8 -75.0 29.905933323327623 912
1983 9 26 2100 600 45.55 -75.52 13.67988486824989 952
1983 9 26 2100 600 41.1 -72.37 0.0 2
1983 9 26 2100 600 43.03 -72.8 19.95941704952243 6
1983 9 26 2100 600 43.95 -73.22 18.054309634585877 8
1983 9 26 2100 600 44.9 -73.8 3.873571958115494 10
1983 9 27 0 600 40.2 -78.25 3.058011212434841 502
1983 9 27 0 600 43.07 -76.83 3713.118562207135 710
1983 9 27 300 600 40.0 -79.08 0.0 402
1983 9 27 300 600 40.43 -79.15 1.217037660956876 404
1983 9 27 300 600 40.82 -79.53 1.0431231973985837 406
1983 9 27 300 600 41.2 -79.43 5.103806687132777 408
1983 9 27 300 600 41.63 -79.7 8.246841679928245 410
1983 9 27 300 600 42.08 -80.18 3.386058557832804 412
1983 9 27 300 600 42.6 -80.5 0.0 452
1983 9 27 300 600 42.67 -81.15 0.0 454
1983 9 27 300 600 42.7 -82.35 0.0 456
1983 9 27 300 600 40.67 -78.23 52.98779154384156 504
1983 9 27 300 600 41.8 -78.63 85.07479469230648 508
1983 9 27 300 600 42.25 -78.8 77.90040005496367 510
1983 9 27 300 600 42.48 -78.93 51.35877702771506 512
1983 9 27 300 600 43.18 -79.4 1.8453413631801576 552
1983 9 27 300 600 43.52 -79.92 0.0 554
1983 9 27 300 600 43.98 -80.75 0.0 556
1983 9 27 300 600 39.92 -76.75 7.467970903255974 602
1983 9 27 300 600 40.48 -77.13 129.73466333933848 604
1983 9 27 300 600 41.98 -77.57 1185.5802614120723 608
1983 9 27 300 600 42.88 -78.03 135.23214032767936 612
1983 9 27 300 600 43.03 -78.18 58.171615148665445 614
1983 9 27 300 600 43.92 -78.67 0.0 652
1983 9 27 300 600 44.23 -78.37 0.0 653
1983 9 27 300 600 44.62 -79.53 0.0 654
1983 9 27 300 600 40.37 -75.93 24.27619895695258 702
1983 9 27 300 600 40.78 -74.67 99.72441592863713 703
1983 9 27 300 600 41.02 -75.9 91.80232697202383 704
1983 9 27 300 600 41.83 -75.87 313.6093089686844 706
1983 9 27 300 600 42.45 -76.45 2960.308194838268 708
1983 9 27 300 600 43.98 -77.22 74.87629729593746 752
1983 9 27 300 600 44.28 -77.78 2.8207927634356116 754
1983 9 27 300 600 39.93 -74.7 10.786330670189601 802
1983 9 27 300 600 40.45 -74.8 34.82404263390459 803
1983 9 27 300 600 40.9 -74.6 152.2286643660857 804
1983 9 27 300 600 41.3 -74.67 237.5491914021116 805
1983 9 27 300 600 41.63 -74.8 189.10929575505978 806
1983 9 27 300 600 42.08 -74.97 93.79239950805511 807
1983 9 27 300 600 42.47 -75.07 211.1143182402612 808
1983 9 27 300 600 43.23 -75.4 498.6729089924037 810
1983 9 27 300 600 43.58 -75.52 407.18164863685803 811
1983 9 27 300 600 44.48 -76.03 314.6340546928767 852
1983 9 27 300 600 40.67 -73.52 28.799289760449785 902
1983 9 27 300 600 41.27 -73.8 175.27452168918117 904
1983 9 27 300 600 43.05 -74.2 2427.7273889099915 908
1983 9 27 300 600 43.97 -74.1 986.6540884818149 910
1983 9 27 300 600 44.8 -75.0 217.85166694789945 912
1983 9 27 300 600 45.55 -75.52 114.2623718165726 952
1983 9 27 300 600 41.1 -72.37 59.565158884920486 2
1983 9 27 300 600 43.03 -72.8 125.0938255607133 6
1983 9 27 300 600 43.95 -73.22 671.3241804652187 8
1983 9 27 300 600 44.9 -73.8 361.77872401643265 10
1983 9 27 300 600 45.98 -74.0 18.55744088504041 52
1983 9 27 300 600 41.73 -71.43 49.18335928655814 102
1983 9 27 300 600 44.4 -71.18 23.163104732025957 107
1983 9 27 300 600 44.93 -72.2 4.474258586054599 108
1983 9 27 300 600 46.07 -72.58 3.9586210371560133 152
1983 9 27 600 600 43.07 -76.83 1189.683441065524 710
1983 9 27 900 600 42.25 -78.8 4.137002393114033 510
1983 9 27 900 600 43.18 -79.4 1.2471707640524134 552
1983 9 27 900 600 39.92 -76.75 215.67097569731953 602
1983 9 27 900 600 40.48 -77.13 322.2532919107843 604
1983 9 27 900 600 41.98 -77.57 283.9732111421851 608
1983 9 27 900 600 42.88 -78.03 44.86287300438757 612
1983 9 27 900 600 43.03 -78.18 25.804877354427585 614
1983 9 27 900 600 43.92 -78.67 0.0 652
1983 9 27 900 600 44.23 -78.37 0.0 653
1983 9 27 900 600 44.62 -79.53 0.0 654
1983 9 27 900 600 40.37 -75.93 558.3649898803062 702
1983 9 27 900 600 40.78 -74.67 895.3548407278513 703
1983 9 27 900 600 41.02 -75.9 559.9516412772487 704
1983 9 27 900 600 41.83 -75.87 591.0236469336364 706
1983 9 27 900 600 42.45 -76.45 1076.4062538985836 708
1983 9 27 900 600 43.98 -77.22 15.51901751916301 752
1983 9 27 900 600 44.28 -77.78 0.0 754
1983 9 27 900 600 39.93 -74.7 126.87134649329023 802
1983 9 27 900 600 40.45 -74.8 567.1420460261536 803
1983 9 27 900 600 40.9 -74.6 1002.7848619024867 804
1983 9 27 900 600 41.3 -74.67 1087.1576900419293 805
1983 9 27 900 600 41.63 -74.8 556.6709678380237 806
1983 9 27 900 600 42.08 -74.97 205.92557448184417 807
1983 9 27 900 600 42.47 -75.07 256.68126082546104 808
1983 9 27 900 600 43.23 -75.4 370.40551585243713 810
1983 9 27 900 600 43.58 -75.52 225.02221707553213 811
1983 9 27 900 600 44.48 -76.03 22.47785231441867 852
1983 9 27 900 600 40.67 -73.52 223.05579627644062 902
1983 9 27 900 600 41.27 -73.8 855.2156365706904 904
1983 9 27 900 600 43.05 -74.2 1077.3354305963237 908
1983 9 27 900 600 43.97 -74.1 486.91521409483744 910
1983 9 27 900 600 44.8 -75.0 82.66080795873864 912
1983 9 27 900 600 45.55 -75.52 39.413754958827994 952
1983 9 27 900 600 41.1 -72.37 284.3473733082111 2
1983 9 27 900 600 43.03 -72.8 463.09902246763096 6
1983 9 27 900 600 43.95 -73.22 1135.8458813778916 8
1983 9 27 900 600 44.9 -73.8 263.24617880940286 10
1983 9 27 900 600 45.98 -74.0 31.45830376729316 52
1983 9 27 900 600 41.73 -71.43 340.0958111211082 102
1983 9 27 900 600 44.4 -71.18 103.81291105756824 107
1983 9 27 900 600 44.93 -72.2 35.2550529637223 108
1983 9 27 900 600 46.07 -72.58 34.695950245336235 152
1983 9 27 1200 600 43.07 -76.83 47.183680484776794 710
1983 9 27 1500 600 42.25 -78.8 0.0 510
1983 9 27 1500 600 40.37 -75.93 217.01853176202542 702
1983 9 27 1500 600 40.78 -74.67 244.21278069833414 703
1983 9 27 1500 600 41.02 -75.9 90.11182566929645 704
1983 9 27 1500 600 41.83 -75.87 28.528439689310048 706
1983 9 27 1500 600 42.45 -76.45 10.358734582873975 708
1983 9 27 1500 600 43.98 -77.22 0.0 752
1983 9 27 1500 600 44.28 -77.78 0.0 754
1983 9 27 1500 600 39.93 -74.7 289.33850538392153 802
1983 9 27 1500 600 40.45 -74.8 292.69516398058477 803
1983 9 27 1500 600 40.9 -74.6 225.60653475171623 804
1983 9 27 1500 600 41.3 -74.67 140.31437043658923 805
1983 9 27 1500 600 41.63 -74.8 86.26225636339697 806
1983 9 27 1500 600 42.08 -74.97 49.35550449436055 807
1983 9 27 1500 600 42.47 -75.07 36.57055606088209 808
1983 9 27 1500 600 43.23 -75.4 13.985825227498 810
1983 9 27 1500 600 43.58 -75.52 6.62547691593869 811
1983 9 27 1500 600 44.48 -76.03 0.0 852
1983 9 27 1500 600 40.67 -73.52 334.85960962191973 902
1983 9 27 1500 600 41.27 -73.8 230.45257244821218 904
1983 9 27 1500 600 43.05 -74.2 36.67838710420279 908
1983 9 27 1500 600 43.97 -74.1 8.457671065877234 910
1983 9 27 1500 600 44.8 -75.0 0.0 912
1983 9 27 1500 600 45.55 -75.52 0.0 952
1983 9 27 1500 600 41.1 -72.37 412.77563444013083 2
1983 9 27 1500 600 43.03 -72.8 101.31146143475418 6
1983 9 27 1500 600 43.95 -73.22 20.859364649021632 8
1983 9 27 1500 600 44.9 -73.8 1.0574187829505808 10
1983 9 27 1500 600 45.98 -74.0 0.0 52
1983 9 27 1500 600 41.73 -71.43 440.2941115705829 102
1983 9 27 1500 600 44.4 -71.18 38.45009449949395 107
1983 9 27 1500 600 44.93 -72.2 8.502761641470562 108
1983 9 27 1500 600 46.07 -72.58 0.0 152
1983 9 27 1800 600 43.07 -76.83 0.0 710
1983 9 27 2100 600 42.25 -78.8 0.0 510
1983 9 27 2100 600 40.37 -75.93 122.9651877650874 702
1983 9 27 2100 600 40.78 -74.67 200.0735747198901 703
1983 9 27 2100 600 40.67 -73.52 352.49773289362344 902
1983 9 27 2100 600 41.27 -73.8 210.2305084864984 904
1983 9 27 2100 600 43.05 -74.2 4.564287750716479 908
1983 9 27 2100 600 43.97 -74.1 0.0 910
1983 9 27 2100 600 44.8 -75.0 0.0 912
1983 9 27 2100 600 45.55 -75.52 0.0 952
1983 9 27 2100 600 41.1 -72.37 413.9654385052067 2
1983 9 27 2100 600 43.03 -72.8 27.941219137696145 6
1983 9 27 2100 600 43.95 -73.22 1.5435052436641206 8
1983 9 27 2100 600 44.9 -73.8 0.0 10
1983 9 27 2100 600 45.98 -74.0 0.0 52
1983 9 27 2100 600 41.73 -71.43 396.7968364002244 102
1983 9 27 2100 600 44.4 -71.18 6.6337419210584505 107
1983 9 27 2100 600 44.93 -72.2 0.0 108
1983 9 27 2100 600 46.07 -72.58 0.0 152
