Yr Mo Da Hr dur Lat Lon Calc Site
1983 9 25 1800 300 40.38 -80.63 0.0 306
1983 9 25 1800 300 40.77 -80.75 0.0 308
1983 9 25 1800 300 40.92 -81.43 0.0 310
1983 9 25 1800 300 41.3 -81.15 0.0 312
1983 9 25 1800 300 41.42 -81.87 0.0 314
1983 9 25 1800 300 41.3 -82.22 0.0 316
1983 9 25 1800 300 41.27 -82.62 0.0 318
1983 9 25 1800 300 41.33 -83.12 0.0 320
1983 9 25 1800 600 40.2 -78.25 0.0 502
1983 9 25 2100 300 40.38 -80.63 0.0 306
1983 9 25 2100 300 40.77 -80.75 0.0 308
1983 9 25 2100 300 40.92 -81.43 0.0 310
1983 9 25 2100 300 41.3 -81.15 0.0 312
1983 9 25 2100 300 41.42 -81.87 0.0 314
1983 9 25 2100 300 41.3 -82.22 0.0 316
1983 9 25 2100 300 41.27 -82.62 0.0 318
1983 9 25 2100 300 41.33 -83.12 0.0 320
1983 9 25 2100 600 40.0 -79.08 0.0 402
1983 9 25 2100 600 40.43 -79.15 0.0 404
1983 9 25 2100 600 40.82 -79.53 0.0 406
1983 9 25 2100 600 41.2 -79.43 0.0 408
1983 9 25 2100 600 41.63 -79.7 0.0 410
1983 9 25 2100 600 42.08 -80.18 0.0 412
1983 9 25 2100 600 42.6 -80.5 0.0 452
1983 9 25 2100 600 42.67 -81.15 0.0 454
1983 9 25 2100 600 42.7 -82.35 0.0 456
1983 9 25 2100 600 40.67 -78.23 0.0 504
1983 9 25 2100 600 41.8 -78.63 0.0 508
1983 9 25 2100 600 42.48 -78.93 0.0 512
1983 9 25 2100 600 43.52 -79.92 0.0 554
1983 9 25 2100 600 43.98 -80.75 0.0 556
1983 9 26 0 300 40.38 -80.63 0.0 306
1983 9 26 0 300 40.77 -80.75 0.0 308
1983 9 26 0 300 40.92 -81.43 0.0 310
1983 9 26 0 300 41.3 -81.15 0.0 312
1983 9 26 0 300 41.42 -81.87 5.204311829411142 314
1983 9 26 0 300 41.3 -82.22 1.7805196635854943 316
1983 9 26 0 300 41.27 -82.62 6.090209700309675 318
1983 9 26 0 300 41.33 -83.12 24.266510277273348 320
1983 9 26 0 600 40.2 -78.25 0.0 502
1983 9 26 300 300 40.38 -80.63 0.0 306
1983 9 26 300 300 40.77 -80.75 0.0 308
1983 9 26 300 300 40.92 -81.43 0.0 310
1983 9 26 300 300 41.3 -81.15 21.620667962858988 312
1983 9 26 300 300 41.42 -81.87 820.0889299244974 314
1983 9 26 300 300 41.3 -82.22 559.4990114324792 316
1983 9 26 300 300 41.27 -82.62 803.2707956558904 318
1983 9 26 300 300 41.33 -83.12 127.91622803500564 320
1983 9 26 300 600 40.0 -79.08 0.0 402
1983 9 26 300 600 40.43 -79.15 0.0 404
1983 9 26 300 600 40.82 -79.53 0.0 406
1983 9 26 300 600 41.2 -79.43 0.0 408
1983 9 26 300 600 42.08 -80.18 286.8535172274505 412
1983 9 26 300 600 42.6 -80.5 200.5257933082944 452
1983 9 26 300 600 42.67 -81.15 52.72092094051462 454
1983 9 26 300 600 42.7 -82.35 0.0 456
1983 9 26 300 600 40.67 -78.23 0.0 504
1983 9 26 300 600 41.8 -78.63 0.0 508
1983 9 26 300 600 42.48 -78.93 0.0 512
1983 9 26 300 600 43.18 -79.4 5.633973008769056 552
1983 9 26 300 600 43.52 -79.92 0.0 554
1983 9 26 300 600 43.98 -80.75 0.0 556
1983 9 26 300 600 39.92 -76.75 0.0 602
1983 9 26 300 600 40.48 -77.13 0.0 604
1983 9 26 300 600 41.98 -77.57 0.0 608
1983 9 26 300 600 42.88 -78.03 0.0 612
1983 9 26 300 600 43.03 -78.18 0.0 614
1983 9 26 300 600 43.92 -78.67 0.0 652
1983 9 26 300 600 44.23 -78.37 0.0 653
1983 9 26 300 600 44.62 -79.53 0.0 654
1983 9 26 600 300 40.38 -80.63 0.0 306
1983 9 26 600 300 40.77 -80.75 0.0 308
1983 9 26 600 300 40.92 -81.43 26.964932776583975 310
1983 9 26 600 300 41.3 -81.15 240.1450079998845 312
1983 9 26 600 300 41.42 -81.87 2556.424151287645 314
1983 9 26 600 300 41.3 -82.22 4748.204539770199 316
1983 9 26 600 300 41.27 -82.62 2168.42383887398 318
1983 9 26 600 300 41.33 -83.12 33.99247016454297 320
1983 9 26 600 600 40.2 -78.25 0.0 502
1983 9 26 900 300 40.38 -80.63 0.0 306
1983 9 26 900 300 40.77 -80.75 16.102893279646878 308
1983 9 26 900 300 40.92 -81.43 462.2766324137809 310
1983 9 26 900 300 41.3 -81.15 1348.6822463025064 312
1983 9 26 900 300 41.42 -81.87 2432.5562819853767 314
1983 9 26 900 300 41.3 -82.22 5407.6479358023 316
1983 9 26 900 300 41.27 -82.62 2770.258489081927 318
1983 9 26 900 300 41.33 -83.12 83.1752286153914 320
1983 9 26 900 600 40.0 -79.08 0.0 402
1983 9 26 900 600 40.43 -79.15 0.0 404
1983 9 26 900 600 40.82 -79.53 1.4794223595725122 406
1983 9 26 900 600 41.2 -79.43 27.36007257230973 408
1983 9 26 900 600 41.63 -79.7 294.75720098240686 410
1983 9 26 900 600 42.08 -80.18 1279.5366249663603 412
1983 9 26 900 600 42.6 -80.5 431.9812616913337 452
1983 9 26 900 600 42.67 -81.15 2.9242053225135667 454
1983 9 26 900 600 42.7 -82.35 0.0 456
1983 9 26 900 600 40.67 -78.23 0.0 504
1983 9 26 900 600 41.8 -78.63 12.565313134630172 508
1983 9 26 900 600 42.48 -78.93 280.45253371723777 512
1983 9 26 900 600 43.18 -79.4 234.5666397265292 552
1983 9 26 900 600 43.52 -79.92 2.8144781901651355 554
1983 9 26 900 600 43.98 -80.75 0.0 556
1983 9 26 900 600 39.92 -76.75 0.0 602
1983 9 26 900 600 40.48 -77.13 0.0 604
1983 9 26 900 600 41.98 -77.57 3.037971386524898 608
1983 9 26 900 600 42.88 -78.03 62.19375524809156 612
1983 9 26 900 600 43.03 -78.18 107.70407948444476 614
1983 9 26 900 600 43.92 -78.67 5.108382158919811 652
1983 9 26 900 600 44.23 -78.37 0.0 653
1983 9 26 900 600 44.62 -79.53 0.0 654
1983 9 26 900 600 41.02 -75.9 0.0 704
1983 9 26 900 600 41.83 -75.87 0.0 706
1983 9 26 900 600 42.45 -76.45 1.0089943801956427 708
1983 9 26 900 600 43.98 -77.22 0.0 752
1983 9 26 900 600 44.68 -77.15 0.0 753
1983 9 26 900 600 44.28 -77.78 0.0 754
1983 9 26 900 600 39.93 -74.7 0.0 802
1983 9 26 900 600 40.45 -74.8 0.0 803
1983 9 26 900 600 40.9 -74.6 0.0 804
1983 9 26 900 600 41.3 -74.67 0.0 805
1983 9 26 900 600 41.63 -74.8 0.0 806
1983 9 26 900 600 42.08 -74.97 0.0 807
1983 9 26 900 600 42.47 -75.07 0.0 808
1983 9 26 900 600 43.23 -75.4 0.0 810
1983 9 26 900 600 43.58 -75.52 0.0 811
1983 9 26 900 600 44.0 -76.02 0.0 812
1983 9 26 900 600 44.48 -76.03 0.0 852
1983 9 26 1200 600 40.2 -78.25 0.0 502
1983 9 26 1200 600 43.07 -76.83 95.70419764537834 710
1983 9 26 1500 600 40.0 -79.08 0.0 402
1983 9 26 1500 600 40.43 -79.15 3.018786340209334 404
1983 9 26 1500 600 40.82 -79.53 57.70868381834341 406
1983 9 26 1500 600 41.2 -79.43 304.5098455456415 408
1983 9 26 1500 600 41.63 -79.7 662.1717771389245 410
1983 9 26 1500 600 42.08 -80.18 239.26736484880104 412
1983 9 26 1500 600 42.6 -80.5 9.394315170035997 452
1983 9 26 1500 600 42.67 -81.15 0.0 454
1983 9 26 1500 600 42.7 -82.35 0.0 456
1983 9 26 1500 600 40.67 -78.23 5.853573462655481 504
1983 9 26 1500 600 41.8 -78.63 645.6894847810369 508
1983 9 26 1500 600 42.25 -78.8 822.4115829514037 510
1983 9 26 1500 600 42.48 -78.93 728.552322359844 512
1983 9 26 1500 600 43.18 -79.4 40.17712816140409 552
1983 9 26 1500 600 43.52 -79.92 0.0 554
1983 9 26 1500 600 43.98 -80.75 0.0 556
1983 9 26 1500 600 39.92 -76.75 0.0 602
1983 9 26 1500 600 40.48 -77.13 1.1654936719627023 604
1983 9 26 1500 600 41.98 -77.57 470.4123028679167 608
1983 9 26 1500 600 42.88 -78.03 812.4199537421404 612
1983 9 26 1500 600 43.03 -78.18 654.9132391609804 614
1983 9 26 1500 600 43.92 -78.67 7.454486275830184 652
1983 9 26 1500 600 44.23 -78.37 1.228505131071223 653
1983 9 26 1500 600 44.62 -79.53 0.0 654
1983 9 26 1500 600 41.02 -75.9 8.449174990529848 704
1983 9 26 1500 600 41.83 -75.87 148.09235106586277 706
1983 9 26 1500 600 42.45 -76.45 288.3091082402419 708
1983 9 26 1500 600 43.98 -77.22 48.043164392369995 752
1983 9 26 1500 600 44.68 -77.15 0.0 753
1983 9 26 1500 600 44.28 -77.78 2.4097334862135686 754
1983 9 26 1500 600 39.93 -74.7 0.0 802
1983 9 26 1500 600 40.45 -74.8 0.0 803
1983 9 26 1500 600 40.9 -74.6 0.0 804
1983 9 26 1500 600 41.3 -74.67 4.001816894638998 805
1983 9 26 1500 600 41.63 -74.8 17.568506664735544 806
1983 9 26 1500 600 42.08 -74.97 35.389796231146754 807
1983 9 26 1500 600 42.47 -75.07 47.67894146021438 808
1983 9 26 1500 600 43.23 -75.4 35.61936216846277 810
1983 9 26 1500 600 43.58 -75.52 11.161678204693882 811
1983 9 26 1500 600 44.0 -76.02 14.807345435084304 812
1983 9 26 1500 600 44.48 -76.03 3.1962759981644853 852
1983 9 26 1500 600 40.67 -73.52 0.0 902
1983 9 26 1500 600 43.05 -74.2 6.1310074163555965 908
1983 9 26 1500 600 44.8 -75.0 0.0 912
1983 9 26 1500 600 45.55 -75.52 0.0 952
1983 9 26 1800 600 40.2 -78.25 0.0 502
1983 9 26 1800 600 43.07 -76.83 665.306115218117 710
1983 9 26 2100 600 40.0 -79.08 0.0 402
1983 9 26 2100 600 40.43 -79.15 0.0 404
1983 9 26 2100 600 40.82 -79.53 11.559463778298001 406
1983 9 26 2100 600 41.2 -79.43 49.00312314192256 408
1983 9 26 2100 600 41.63 -79.7 92.86931335919253 410
1983 9 26 2100 600 42.08 -80.18 6.092415580734074 412
1983 9 26 2100 600 42.6 -80.5 0.0 452
1983 9 26 2100 600 42.67 -81.15 0.0 454
1983 9 26 2100 600 42.7 -82.35 0.0 456
1983 9 26 2100 600 40.67 -78.23 17.68514233454778 504
1983 9 26 2100 600 41.8 -78.63 280.2664465007443 508
1983 9 26 2100 600 42.25 -78.8 92.8881436329756 510
1983 9 26 2100 600 42.48 -78.93 28.384923161327297 512
1983 9 26 2100 600 43.18 -79.4 0.0 552
1983 9 26 2100 600 43.52 -79.92 0.0 554
1983 9 26 2100 600 43.98 -80.75 0.0 556
1983 9 26 2100 600 39.92 -76.75 2.284595889112451 602
1983 9 26 2100 600 40.48 -77.13 10.662106152382615 604
1983 9 26 2100 600 41.98 -77.57 1316.599035488209 608
1983 9 26 2100 600 42.88 -78.03 300.9959442698161 612
1983 9 26 2100 600 43.03 -78.18 126.7196291144091 614
1983 9 26 2100 600 43.92 -78.67 0.0 652
1983 9 26 2100 600 44.23 -78.37 1.5811444208847278 653
1983 9 26 2100 600 44.62 -79.53 0.0 654
1983 9 26 2100 600 40.37 -75.93 19.44483784556803 702
1983 9 26 2100 600 40.78 -74.67 0.0 703
1983 9 26 2100 600 41.02 -75.9 17.93848716091181 704
1983 9 26 2100 600 41.83 -75.87 195.6556285387991 706
1983 9 26 2100 600 42.45 -76.45 1725.7749281999738 708
1983 9 26 2100 600 43.98 -77.22 148.1838581225821 752
1983 9 26 2100 600 44.28 -77.78 6.978841100055898 754
1983 9 26 2100 600 39.93 -74.7 0.0 802
1983 9 26 2100 600 40.45 -74.8 0.0 803
1983 9 26 2100 600 40.9 -74.6 1.6629441372407285 804
1983 9 26 2100 600 41.3 -74.67 28.664774451641684 805
1983 9 26 2100 600 41.63 -74.8 85.92680009240169 806
1983 9 26 2100 600 42.08 -74.97 74.88845153861679 807
1983 9 26 2100 600 42.47 -75.07 201.44173244624054 808
1983 9 26 2100 600 43.23 -75.4 475.4762231522423 810
1983 9 26 2100 600 43.58 -75.52 138.81371795901345 811
1983 9 26 2100 600 44.0 -76.02 308.1112412104277 812
1983 9 26 2100 600 44.48 -76.03 126.90203288657875 852
1983 9 26 2100 600 40.67 -73.52 0.0 902
1983 9 26 2100 600 41.27 -73.8 2.332361261433861 904
1983 9 26 2100 600 43.05 -74.2 874.492155142404 908
1983 9 26 2100 600 43.97 -74.1 34.18255127445377 910
1983 9 26 2100 600 44.8 -75.0 39.928185594062555 912
1983 9 26 2100 600 45.55 -75.52 4.927880390133417 952
1983 9 26 2100 600 41.1 -72.37 0.0 2
1983 9 26 2100 600 43.03 -72.8 3.491668271717713 6
1983 9 26 2100 600 43.95 -73.22 52.745914687445584 8
1983 9 26 2100 600 44.9 -73.8 5.870248025560142 10
1983 9 27 0 600 40.2 -78.25 3.8858533271046345 502
1983 9 27 0 600 43.07 -76.83 4381.714273275944 710
1983 9 27 300 600 40.0 -79.08 0.0 402
1983 9 27 300 600 40.43 -79.15 0.0 404
1983 9 27 300 600 40.82 -79.53 0.0 406
1983 9 27 300 600 41.2 -79.43 2.5600766713202754 408
1983 9 27 300 600 41.63 -79.7 6.597787537368882 410
1983 9 27 300 600 42.08 -80.18 3.1568885326676046 412
1983 9 27 300 600 42.6 -80.5 0.0 452
1983 9 27 300 600 42.67 -81.15 0.0 454
1983 9 27 300 600 42.7 -82.35 0.0 456
1983 9 27 300 600 40.67 -78.23 28.265070556058973 504
1983 9 27 300 600 41.8 -78.63 43.30638339804706 508
1983 9 27 300 600 42.25 -78.8 118.2895894735227 510
1983 9 27 300 600 42.48 -78.93 77.1315400631664 512
1983 9 27 300 600 43.18 -79.4 2.3317730473780673 552
1983 9 27 300 600 43.52 -79.92 0.0 554
1983 9 27 300 600 43.98 -80.75 0.0 556
1983 9 27 300 600 39.92 -76.75 4.2250544232434235 602
1983 9 27 300 600 40.48 -77.13 96.31987308594887 604
1983 9 27 300 600 41.98 -77.57 1150.15166387894 608
1983 9 27 300 600 42.88 -78.03 55.97893729641211 612
1983 9 27 300 600 43.03 -78.18 25.239974578270562 614
1983 9 27 300 600 43.92 -78.67 0.0 652
1983 9 27 300 600 44.23 -78.37 0.0 653
1983 9 27 300 600 44.62 -79.53 0.0 654
1983 9 27 300 600 40.37 -75.93 21.641708293528048 702
1983 9 27 300 600 40.78 -74.67 52.95398669697811 703
1983 9 27 300 600 41.02 -75.9 80.73479023390911 704
1983 9 27 300 600 41.83 -75.87 285.2506148572209 706
1983 9 27 300 600 42.45 -76.45 3227.7708816127188 708
1983 9 27 300 600 43.98 -77.22 46.3030176032396 752
1983 9 27 300 600 44.28 -77.78 1.0906696377539165 754
1983 9 27 300 600 39.93 -74.7 2.6103615209025173 802
1983 9 27 300 600 40.45 -74.8 13.72958634516674 803
1983 9 27 300 600 40.9 -74.6 84.58524190928034 804
1983 9 27 300 600 41.3 -74.67 215.68575795891326 805
1983 9 27 300 600 41.63 -74.8 199.934826205189 806
1983 9 27 300 600 42.08 -74.97 48.5552568851461 807
1983 9 27 300 600 42.47 -75.07 112.64077359745244 808
1983 9 27 300 600 43.23 -75.4 609.7300752317631 810
1983 9 27 300 600 43.58 -75.52 168.79153474366097 811
1983 9 27 300 600 44.48 -76.03 338.55122277269925 852
1983 9 27 300 600 40.67 -73.52 27.244258984491704 902
1983 9 27 300 600 41.27 -73.8 94.06153832713674 904
1983 9 27 300 600 43.05 -74.2 2691.8238586651337 908
1983 9 27 300 600 43.97 -74.1 370.81663977166994 910
1983 9 27 300 600 44.8 -75.0 325.4491506189837 912
1983 9 27 300 600 45.55 -75.52 30.16538172721409 952
1983 9 27 300 600 41.1 -72.37 98.80135147809813 2
1983 9 27 300 600 43.03 -72.8 64.80339903360579 6
1983 9 27 300 600 43.95 -73.22 400.1243405467508 8
1983 9 27 300 600 44.9 -73.8 162.4871585268004 10
1983 9 27 300 600 45.98 -74.0 8.67096062116357 52
1983 9 27 300 600 41.73 -71.43 44.68371600733937 102
1983 9 27 300 600 44.4 -71.18 11.768973765210493 107
1983 9 27 300 600 44.93 -72.2 8.872616835156334 108
1983 9 27 300 600 46.07 -72.58 5.118521848501318 152
1983 9 27 600 600 43.07 -76.83 1207.6360772255885 710
1983 9 27 900 600 42.25 -78.8 2.2032376096514574 510
1983 9 27 900 600 43.18 -79.4 0.0 552
1983 9 27 900 600 39.92 -76.75 182.47751951160785 602
1983 9 27 900 600 40.48 -77.13 309.54584919457005 604
1983 9 27 900 600 41.98 -77.57 79.65664912746792 608
1983 9 27 900 600 42.88 -78.03 73.73161716613973 612
1983 9 27 900 600 43.03 -78.18 39.40860706708959 614
1983 9 27 900 600 43.92 -78.67 0.0 652
1983 9 27 900 600 44.23 -78.37 0.0 653
1983 9 27 900 600 44.62 -79.53 0.0 654
1983 9 27 900 600 40.37 -75.93 491.8692643706817 702
1983 9 27 900 600 40.78 -74.67 747.3356402146486 703
1983 9 27 900 600 41.02 -75.9 462.4904142225765 704
1983 9 27 900 600 41.83 -75.87 542.1913000614336 706
1983 9 27 900 600 42.45 -76.45 824.5656130813375 708
1983 9 27 900 600 43.98 -77.22 0.0 752
1983 9 27 900 600 44.28 -77.78 0.0 754
1983 9 27 900 600 39.93 -74.7 107.50717650028686 802
1983 9 27 900 600 40.45 -74.8 487.2381931594667 803
1983 9 27 900 600 40.9 -74.6 801.749895204758 804
1983 9 27 900 600 41.3 -74.67 910.7867766516422 805
1983 9 27 900 600 41.63 -74.8 620.2840996433682 806
1983 9 27 900 600 42.08 -74.97 124.77186305741638 807
1983 9 27 900 600 42.47 -75.07 139.59512933560762 808
1983 9 27 900 600 43.23 -75.4 400.0779064915411 810
1983 9 27 900 600 43.58 -75.52 76.0668074836756 811
1983 9 27 900 600 44.48 -76.03 17.577002135306504 852
1983 9 27 900 600 40.67 -73.52 206.00994840459012 902
1983 9 27 900 600 41.27 -73.8 1001.9384443742081 904
1983 9 27 900 600 43.05 -74.2 1042.235178635296 908
1983 9 27 900 600 43.97 -74.1 151.95875345164177 910
1983 9 27 900 600 44.8 -75.0 114.85690982816837 912
1983 9 27 900 600 45.55 -75.52 7.5369350149686865 952
1983 9 27 900 600 41.1 -72.37 270.67711676211144 2
1983 9 27 900 600 43.03 -72.8 296.09374169254244 6
1983 9 27 900 600 43.95 -73.22 867.3389393272994 8
1983 9 27 900 600 44.9 -73.8 170.57229420896908 10
1983 9 27 900 600 45.98 -74.0 9.609933735494383 52
1983 9 27 900 600 41.73 -71.43 261.0760044778085 102
1983 9 27 900 600 44.4 -71.18 45.85527605899975 107
1983 9 27 900 600 44.93 -72.2 20.047996435505112 108
1983 9 27 900 600 46.07 -72.58 14.303546420425977 152
1983 9 27 1200 600 43.07 -76.83 30.320656186892013 710
1983 9 27 1500 600 42.25 -78.8 0.0 510
1983 9 27 1500 600 40.37 -75.93 193.54689637995523 702
1983 9 27 1500 600 40.78 -74.67 125.2164048965847 703
1983 9 27 1500 600 41.02 -75.9 40.33594023955288 704
1983 9 27 1500 600 41.83 -75.87 29.97316970928949 706
1983 9 27 1500 600 42.45 -76.45 4.908405212186151 708
1983 9 27 1500 600 43.98 -77.22 0.0 752
1983 9 27 1500 600 44.28 -77.78 0.0 754
1983 9 27 1500 600 39.93 -74.7 258.56480220268384 802
1983 9 27 1500 600 40.45 -74.8 250.66085288348762 803
1983 9 27 1500 600 40.9 -74.6 99.93043575899945 804
1983 9 27 1500 600 41.3 -74.67 59.3206194354975 805
1983 9 27 1500 600 41.63 -74.8 49.737130700249125 806
1983 9 27 1500 600 42.08 -74.97 43.34224279086916 807
1983 9 27 1500 600 42.47 -75.07 28.850114842441172 808
1983 9 27 1500 600 43.23 -75.4 5.674927664450499 810
1983 9 27 1500 600 43.58 -75.52 1.1316101553244284 811
1983 9 27 1500 600 44.48 -76.03 0.0 852
1983 9 27 1500 600 40.67 -73.52 380.1289727298557 902
1983 9 27 1500 600 41.27 -73.8 168.76270004338747 904
1983 9 27 1500 600 43.05 -74.2 33.1134098381779 908
1983 9 27 1500 600 43.97 -74.1 0.0 910
1983 9 27 1500 600 44.8 -75.0 0.0 912
1983 9 27 1500 600 45.55 -75.52 0.0 952
1983 9 27 1500 600 41.1 -72.37 311.41135117052875 2
1983 9 27 1500 600 43.03 -72.8 86.90615523701038 6
1983 9 27 1500 600 43.95 -73.22 2.6372182754045563 8
1983 9 27 1500 600 44.9 -73.8 1.715654687675025 10
1983 9 27 1500 600 45.98 -74.0 0.0 52
1983 9 27 1500 600 41.73 -71.43 193.97042256529275 102
1983 9 27 1500 600 44.4 -71.18 19.528211735236585 107
1983 9 27 1500 600 44.93 -72.2 8.623808686686138 108
1983 9 27 1500 600 46.07 -72.58 0.0 152
1983 9 27 1800 600 43.07 -76.83 0.0 710
1983 9 27 2100 600 42.25 -78.8 0.0 510
1983 9 27 2100 600 40.37 -75.93 105.40463767623076 702
1983 9 27 2100 600 40.78 -74.67 109.7279782454598 703
1983 9 27 2100 600 40.67 -73.52 224.06433533203764 902
1983 9 27 2100 600 41.27 -73.8 89.24005433720046 904
1983 9 27 2100 600 43.05 -74.2 1.0844984080105493 908
1983 9 27 2100 600 43.97 -74.1 0.0 910
1983 9 27 2100 600 44.8 -75.0 0.0 912
1983 9 27 2100 600 45.55 -75.52 0.0 952
1983 9 27 2100 600 41.1 -72.37 262.1162886364641 2
1983 9 27 2100 600 43.03 -72.8 8.297076275617354 6
1983 9 27 2100 600 43.95 -73.22 0.0 8
1983 9 27 2100 600 44.9 -73.8 0.0 10
1983 9 27 2100 600 45.98 -74.0 0.0 52
1983 9 27 2100 600 41.73 -71.43 176.90876359555705 102
1983 9 27 2100 600 44.4 -71.18 2.53579126958095 107
1983 9 27 2100 600 44.93 -72.2 0.0 108
1983 9 27 2100 600 46.07 -72.58 0.0 152
1983 9 28 300 600 40.37 -75.93 28.144988226903497 702
1983 9 28 300 600 40.78 -74.67 56.226525921765365 703
1983 9 28 300 600 41.27 -73.8 38.37244408268089 904
1983 9 28 300 600 43.97 -74.1 0.0 910
1983 9 28 300 600 41.1 -72.37 123.985192904256 2
1983 9 28 300 600 43.03 -72.8 2.1042722306240287 6
1983 9 28 300 600 43.95 -73.22 0.0 8
1983 9 28 300 600 44.9 -73.8 0.0 10
1983 9 28 300 600 45.98 -74.0 0.0 52
1983 9 28 300 600 41.73 -71.43 84.52266169615297 102
1983 9 28 300 600 44.4 -71.18 0.0 107
1983 9 28 300 600 44.93 -72.2 0.0 108
1983 9 28 300 600 46.07 -72.58 0.0 152
