Yr Mo Da Hr dur Lat Lon Calc Site
1983 10 2 2100 300 40.38 -80.63 0.0 306
1983 10 2 2100 300 40.77 -80.75 0.0 308
1983 10 2 2100 300 40.92 -81.43 0.0 310
1983 10 2 2100 300 41.3 -81.15 0.0 312
1983 10 2 2100 300 41.42 -81.87 0.0 314
1983 10 2 2100 300 41.3 -82.22 0.0 316
1983 10 2 2100 300 41.27 -82.62 0.0 318
1983 10 2 2100 300 41.33 -83.12 0.0 320
1983 10 2 2100 600 42.7 -82.35 0.0 456
1983 10 3 0 300 40.38 -80.63 0.0 306
1983 10 3 0 300 40.77 -80.75 0.0 308
1983 10 3 0 300 40.92 -81.43 0.0 310
1983 10 3 0 300 41.3 -81.15 0.0 312
1983 10 3 0 300 41.42 -81.87 0.0 314
1983 10 3 0 300 41.3 -82.22 0.0 316
1983 10 3 0 300 41.27 -82.62 2.279125334929528 318
1983 10 3 0 300 41.33 -83.12 900.6398429112168 320
1983 10 3 0 600 40.0 -79.08 0.0 402
1983 10 3 0 600 40.43 -79.15 0.0 404
1983 10 3 0 600 40.82 -79.53 0.0 406
1983 10 3 0 600 41.2 -79.43 0.0 408
1983 10 3 0 600 41.63 -79.7 0.0 410
1983 10 3 0 600 42.08 -80.18 0.0 412
1983 10 3 0 600 42.6 -80.5 0.0 452
1983 10 3 0 600 42.67 -81.15 0.0 454
1983 10 3 0 600 40.2 -78.25 0.0 502
1983 10 3 0 600 40.67 -78.23 0.0 504
1983 10 3 0 600 41.8 -78.63 0.0 508
1983 10 3 0 600 42.25 -78.8 0.0 510
1983 10 3 0 600 42.48 -78.93 0.0 512
1983 10 3 0 600 43.18 -79.4 0.0 552
1983 10 3 0 600 43.98 -80.75 0.0 556
1983 10 3 300 300 40.38 -80.63 0.0 306
1983 10 3 300 300 40.77 -80.75 0.0 308
1983 10 3 300 300 40.92 -81.43 6.872580892936736 310
1983 10 3 300 300 41.3 -81.15 20.32401938997547 312
1983 10 3 300 300 41.42 -81.87 1448.2571522242458 314
1983 10 3 300 300 41.3 -82.22 2126.4098722724043 316
1983 10 3 300 300 41.27 -82.62 4494.491118344317 318
1983 10 3 300 300 41.33 -83.12 19937.79022125873 320
1983 10 3 300 600 42.7 -82.35 737.9228072840493 456
1983 10 3 300 600 45.98 -74.0 0.0 52
1983 10 3 600 300 40.38 -80.63 13.11076167976276 306
1983 10 3 600 300 40.77 -80.75 34.31223319007731 308
1983 10 3 600 300 40.92 -81.43 61.695153498029654 310
1983 10 3 600 300 41.3 -81.15 262.9179284747988 312
1983 10 3 600 300 41.42 -81.87 1860.8898468202938 314
1983 10 3 600 300 41.3 -82.22 972.4602054472964 316
1983 10 3 600 300 41.27 -82.62 593.6719944730903 318
1983 10 3 600 300 41.33 -83.12 629.2121312503236 320
1983 10 3 600 600 40.0 -79.08 2.9736297177930826 402
1983 10 3 600 600 40.43 -79.15 3.5377012598547886 404
1983 10 3 600 600 40.82 -79.53 13.110641836449567 406
1983 10 3 600 600 41.2 -79.43 18.56854968938035 408
1983 10 3 600 600 41.63 -79.7 41.67578202948016 410
1983 10 3 600 600 42.08 -80.18 517.9522413679736 412
1983 10 3 600 600 42.6 -80.5 576.8572963148142 452
1983 10 3 600 600 42.67 -81.15 400.50334708605794 454
1983 10 3 600 600 40.2 -78.25 0.0 502
1983 10 3 600 600 40.67 -78.23 0.0 504
1983 10 3 600 600 41.8 -78.63 13.6779624959576 508
1983 10 3 600 600 42.25 -78.8 61.99752741830724 510
1983 10 3 600 600 42.48 -78.93 75.61122800585414 512
1983 10 3 600 600 43.18 -79.4 94.84815769000676 552
1983 10 3 600 600 43.98 -80.75 0.0 556
1983 10 3 600 600 39.92 -76.75 0.0 602
1983 10 3 600 600 40.48 -77.13 0.0 604
1983 10 3 600 600 41.25 -76.92 0.0 606
1983 10 3 600 600 41.98 -77.57 0.0 608
1983 10 3 600 600 42.88 -78.03 0.0 612
1983 10 3 600 600 43.03 -78.18 0.0 614
1983 10 3 600 600 44.23 -78.37 0.0 653
1983 10 3 600 600 44.62 -79.53 0.0 654
1983 10 3 600 600 40.37 -75.93 0.0 702
1983 10 3 600 600 41.02 -75.9 0.0 704
1983 10 3 600 600 41.83 -75.87 0.0 706
1983 10 3 600 600 42.45 -76.45 0.0 708
1983 10 3 600 600 43.98 -77.22 0.0 752
1983 10 3 600 600 44.68 -77.15 0.0 753
1983 10 3 600 600 44.28 -77.78 0.0 754
1983 10 3 900 300 40.38 -80.63 1.641338909672583 306
1983 10 3 900 300 40.77 -80.75 2.679198789942046 308
1983 10 3 900 300 40.92 -81.43 0.0 310
1983 10 3 900 300 41.3 -81.15 11.331137563364159 312
1983 10 3 900 300 41.42 -81.87 0.0 314
1983 10 3 900 300 41.3 -82.22 0.0 316
1983 10 3 900 300 41.27 -82.62 0.0 318
1983 10 3 900 300 41.33 -83.12 0.0 320
1983 10 3 900 600 42.7 -82.35 2831.591058368737 456
1983 10 3 900 600 45.98 -74.0 0.0 52
1983 10 3 1200 300 40.38 -80.63 12.066883133113278 306
1983 10 3 1200 300 40.77 -80.75 1.0376787031450716 308
1983 10 3 1200 300 40.92 -81.43 0.0 310
1983 10 3 1200 300 41.3 -81.15 0.0 312
1983 10 3 1200 300 41.42 -81.87 0.0 314
1983 10 3 1200 300 41.3 -82.22 0.0 316
1983 10 3 1200 300 41.27 -82.62 0.0 318
1983 10 3 1200 300 41.33 -83.12 0.0 320
1983 10 3 1200 600 40.0 -79.08 76.87859422823233 402
1983 10 3 1200 600 40.43 -79.15 56.09662203511145 404
1983 10 3 1200 600 40.82 -79.53 77.20757840472993 406
1983 10 3 1200 600 41.2 -79.43 68.59838287545271 408
1983 10 3 1200 600 41.63 -79.7 20.384598346507175 410
1983 10 3 1200 600 42.08 -80.18 19.378504593338523 412
1983 10 3 1200 600 42.6 -80.5 69.42411197948189 452
1983 10 3 1200 600 42.67 -81.15 143.07988068711578 454
1983 10 3 1200 600 40.2 -78.25 338.19760851797975 502
1983 10 3 1200 600 40.67 -78.23 187.91934689585545 504
1983 10 3 1200 600 41.8 -78.63 246.36449627604193 508
1983 10 3 1200 600 42.25 -78.8 265.09428748169523 510
1983 10 3 1200 600 42.48 -78.93 262.9630785096068 512
1983 10 3 1200 600 43.18 -79.4 667.3502499808176 552
1983 10 3 1200 600 39.92 -76.75 4.368468872869927 602
1983 10 3 1200 600 40.48 -77.13 168.1399700531738 604
1983 10 3 1200 600 41.98 -77.57 422.9133288344861 608
1983 10 3 1200 600 42.88 -78.03 310.1177228573841 612
1983 10 3 1200 600 43.03 -78.18 232.68991081356472 614
1983 10 3 1200 600 43.92 -78.67 393.65059932604737 652
1983 10 3 1200 600 44.23 -78.37 398.310995869813 653
1983 10 3 1200 600 44.62 -79.53 176.61898972752016 654
1983 10 3 1200 600 40.37 -75.93 1.0903482514744125 702
1983 10 3 1200 600 40.78 -74.67 0.0 703
1983 10 3 1200 600 41.02 -75.9 9.883993117944874 704
1983 10 3 1200 600 41.83 -75.87 48.16987648348219 706
1983 10 3 1200 600 42.45 -76.45 272.2215438689124 708
1983 10 3 1200 600 43.07 -76.83 209.86977670729516 710
1983 10 3 1200 600 43.98 -77.22 126.22599731828527 752
1983 10 3 1200 600 44.68 -77.15 110.43347193092025 753
1983 10 3 1200 600 44.28 -77.78 303.8531277228089 754
1983 10 3 1200 600 39.93 -74.7 0.0 802
1983 10 3 1200 600 40.9 -74.6 0.0 804
1983 10 3 1200 600 41.3 -74.67 0.0 805
1983 10 3 1200 600 42.08 -74.97 0.0 807
1983 10 3 1200 600 42.47 -75.07 0.0 808
1983 10 3 1200 600 42.92 -75.12 0.0 809
1983 10 3 1200 600 43.23 -75.4 3.1930401776730224 810
1983 10 3 1200 600 43.58 -75.52 2.0162677127146993 811
1983 10 3 1200 600 44.48 -76.03 21.24157798022659 852
1983 10 3 1200 600 40.67 -73.52 0.0 902
1983 10 3 1200 600 41.27 -73.8 0.0 904
1983 10 3 1200 600 43.05 -74.2 0.0 908
1983 10 3 1200 600 43.97 -74.1 0.0 910
1983 10 3 1200 600 44.8 -75.0 2.1890734171344275 912
1983 10 3 1200 600 45.55 -75.52 1.023504680809958 952
1983 10 3 1200 600 43.03 -72.8 0.0 6
1983 10 3 1200 600 43.95 -73.22 0.0 8
1983 10 3 1200 600 44.9 -73.8 0.0 10
1983 10 3 1500 600 42.7 -82.35 0.0 456
1983 10 3 1500 600 41.95 -72.3 0.0 4
1983 10 3 1500 600 45.98 -74.0 13.844689074064254 52
1983 10 3 1800 600 40.0 -79.08 0.0 402
1983 10 3 1800 600 40.43 -79.15 0.0 404
1983 10 3 1800 600 40.82 -79.53 0.0 406
1983 10 3 1800 600 41.63 -79.7 0.0 410
1983 10 3 1800 600 42.08 -80.18 0.0 412
1983 10 3 1800 600 42.6 -80.5 0.0 452
1983 10 3 1800 600 42.67 -81.15 0.0 454
1983 10 3 1800 600 40.2 -78.25 79.05978655005023 502
1983 10 3 1800 600 40.67 -78.23 33.56733714808314 504
1983 10 3 1800 600 41.8 -78.63 1.5929176253330128 508
1983 10 3 1800 600 42.25 -78.8 0.0 510
1983 10 3 1800 600 42.48 -78.93 0.0 512
1983 10 3 1800 600 43.18 -79.4 0.0 552
1983 10 3 1800 600 43.52 -79.92 0.0 554
1983 10 3 1800 600 43.98 -80.75 0.0 556
1983 10 3 1800 600 39.92 -76.75 403.88984003168326 602
1983 10 3 1800 600 40.48 -77.13 916.6842319672082 604
1983 10 3 1800 600 41.98 -77.57 85.75896627385964 608
1983 10 3 1800 600 42.88 -78.03 0.0 612
1983 10 3 1800 600 43.03 -78.18 0.0 614
1983 10 3 1800 600 43.92 -78.67 2.908883373699688 652
1983 10 3 1800 600 44.23 -78.37 24.999898967033932 653
1983 10 3 1800 600 44.62 -79.53 59.20130754370699 654
1983 10 3 1800 600 40.37 -75.93 148.0973213091473 702
1983 10 3 1800 600 40.78 -74.67 99.20661796084177 703
1983 10 3 1800 600 41.02 -75.9 445.3278243751042 704
1983 10 3 1800 600 41.83 -75.87 812.3552775811029 706
1983 10 3 1800 600 42.45 -76.45 270.45644491659226 708
1983 10 3 1800 600 43.07 -76.83 28.95909364818693 710
1983 10 3 1800 600 43.98 -77.22 134.89077167926544 752
1983 10 3 1800 600 44.68 -77.15 153.6243072770371 753
1983 10 3 1800 600 44.28 -77.78 69.47062441011718 754
1983 10 3 1800 600 39.93 -74.7 8.37881818427696 802
1983 10 3 1800 600 40.9 -74.6 146.28259774744782 804
1983 10 3 1800 600 41.3 -74.67 360.08879609043817 805
1983 10 3 1800 600 42.08 -74.97 237.56700064851157 807
1983 10 3 1800 600 42.47 -75.07 265.27723034537115 808
1983 10 3 1800 600 42.92 -75.12 247.90704402582364 809
1983 10 3 1800 600 43.23 -75.4 178.6214624536832 810
1983 10 3 1800 600 43.58 -75.52 110.1141867207888 811
1983 10 3 1800 600 44.48 -76.03 108.63577534702665 852
1983 10 3 1800 600 40.67 -73.52 0.0 902
1983 10 3 1800 600 41.27 -73.8 22.556025583306848 904
1983 10 3 1800 600 43.05 -74.2 1189.5434051529376 908
1983 10 3 1800 600 43.97 -74.1 364.65436640371223 910
1983 10 3 1800 600 44.8 -75.0 169.39882824328592 912
1983 10 3 1800 600 45.55 -75.52 522.0834683805066 952
1983 10 3 1800 600 43.03 -72.8 1.92117258101247 6
1983 10 3 1800 600 43.95 -73.22 227.85057782185916 8
1983 10 3 1800 600 44.9 -73.8 307.661951992925 10
1983 10 3 1800 600 41.73 -71.43 0.0 102
1983 10 3 1800 600 44.27 -71.3 0.0 106
1983 10 3 1800 600 44.93 -72.2 6.514638669032006 108
1983 10 3 1800 600 46.07 -72.58 12.611594568077555 152
1983 10 3 2100 600 42.7 -82.35 0.0 456
1983 10 3 2100 600 41.95 -72.3 15.917448437768943 4
1983 10 3 2100 600 45.98 -74.0 663.5422852377577 52
1983 10 3 2100 600 44.4 -71.18 12.39149778108621 107
1983 10 4 0 600 40.0 -79.08 0.0 402
1983 10 4 0 600 40.43 -79.15 0.0 404
1983 10 4 0 600 40.82 -79.53 0.0 406
1983 10 4 0 600 41.2 -79.43 0.0 408
1983 10 4 0 600 41.63 -79.7 0.0 410
1983 10 4 0 600 42.08 -80.18 0.0 412
1983 10 4 0 600 42.6 -80.5 0.0 452
1983 10 4 0 600 42.67 -81.15 0.0 454
1983 10 4 0 600 40.2 -78.25 1.6513856602974373 502
1983 10 4 0 600 40.67 -78.23 0.0 504
1983 10 4 0 600 41.8 -78.63 0.0 508
1983 10 4 0 600 42.25 -78.8 0.0 510
1983 10 4 0 600 42.48 -78.93 0.0 512
1983 10 4 0 600 43.18 -79.4 0.0 552
1983 10 4 0 600 43.52 -79.92 0.0 554
1983 10 4 0 600 43.98 -80.75 0.0 556
1983 10 4 0 600 39.92 -76.75 126.84270278884487 602
1983 10 4 0 600 40.48 -77.13 127.00012761937415 604
1983 10 4 0 600 41.98 -77.57 0.0 608
1983 10 4 0 600 42.88 -78.03 0.0 612
1983 10 4 0 600 43.03 -78.18 0.0 614
1983 10 4 0 600 43.92 -78.67 0.0 652
1983 10 4 0 600 44.23 -78.37 0.0 653
1983 10 4 0 600 40.37 -75.93 258.91421926348346 702
1983 10 4 0 600 40.78 -74.67 222.04776563971072 703
1983 10 4 0 600 41.02 -75.9 123.59742958592697 704
1983 10 4 0 600 41.83 -75.87 405.7889938357485 706
1983 10 4 0 600 42.45 -76.45 2.497568011685163 708
1983 10 4 0 600 43.07 -76.83 0.0 710
1983 10 4 0 600 43.98 -77.22 0.0 752
1983 10 4 0 600 44.68 -77.15 8.460274025629616 753
1983 10 4 0 600 44.28 -77.78 0.0 754
1983 10 4 0 600 39.93 -74.7 17.0493445601339 802
1983 10 4 0 600 40.9 -74.6 341.36586425720577 804
1983 10 4 0 600 41.3 -74.67 1675.4421034896764 805
1983 10 4 0 600 42.08 -74.97 188.045366878736 807
1983 10 4 0 600 42.47 -75.07 175.77166213247895 808
1983 10 4 0 600 42.92 -75.12 145.80304016766658 809
1983 10 4 0 600 43.23 -75.4 22.998594708592357 810
1983 10 4 0 600 43.58 -75.52 2.354101341785607 811
1983 10 4 0 600 44.48 -76.03 1.7960432126104608 852
1983 10 4 0 600 40.67 -73.52 151.9185255192829 902
1983 10 4 0 600 41.27 -73.8 254.77358251544177 904
1983 10 4 0 600 43.05 -74.2 3989.080330657849 908
1983 10 4 0 600 43.97 -74.1 230.29489613548358 910
1983 10 4 0 600 44.8 -75.0 37.092915526707586 912
1983 10 4 0 600 45.55 -75.52 1189.792142228674 952
1983 10 4 0 600 43.03 -72.8 138.61452614396993 6
1983 10 4 0 600 43.95 -73.22 1406.9711571177718 8
1983 10 4 0 600 44.9 -73.8 1000.5668632380103 10
1983 10 4 0 600 41.73 -71.43 15.855493324233558 102
1983 10 4 0 600 44.27 -71.3 41.029521690232635 106
1983 10 4 0 600 44.93 -72.2 57.46772726299858 108
1983 10 4 0 600 46.07 -72.58 463.09336660041174 152
1983 10 4 300 600 42.7 -82.35 0.0 456
1983 10 4 300 600 41.95 -72.3 304.2008267535888 4
1983 10 4 300 600 45.98 -74.0 271.0154502946939 52
1983 10 4 300 600 44.4 -71.18 133.42609084200873 107
1983 10 4 600 600 40.0 -79.08 0.0 402
1983 10 4 600 600 40.43 -79.15 0.0 404
1983 10 4 600 600 40.82 -79.53 0.0 406
1983 10 4 600 600 41.2 -79.43 0.0 408
1983 10 4 600 600 42.08 -80.18 0.0 412
1983 10 4 600 600 42.6 -80.5 0.0 452
1983 10 4 600 600 42.67 -81.15 0.0 454
1983 10 4 600 600 40.2 -78.25 0.0 502
1983 10 4 600 600 40.67 -78.23 0.0 504
1983 10 4 600 600 41.8 -78.63 0.0 508
1983 10 4 600 600 42.25 -78.8 0.0 510
1983 10 4 600 600 42.48 -78.93 0.0 512
1983 10 4 600 600 43.18 -79.4 0.0 552
1983 10 4 600 600 43.52 -79.92 0.0 554
1983 10 4 600 600 43.98 -80.75 0.0 556
1983 10 4 600 600 39.92 -76.75 8.071372504643792 602
1983 10 4 600 600 40.48 -77.13 4.395492366952648 604
1983 10 4 600 600 41.25 -76.92 0.0 606
1983 10 4 600 600 41.98 -77.57 0.0 608
1983 10 4 600 600 42.88 -78.03 0.0 612
1983 10 4 600 600 43.03 -78.18 0.0 614
1983 10 4 600 600 43.92 -78.67 0.0 652
1983 10 4 600 600 44.23 -78.37 0.0 653
1983 10 4 600 600 44.62 -79.53 0.0 654
1983 10 4 600 600 40.37 -75.93 63.75180079672332 702
1983 10 4 600 600 40.78 -74.67 303.2161581870644 703
1983 10 4 600 600 41.02 -75.9 51.96983445448398 704
1983 10 4 600 600 41.83 -75.87 5.501389820740042 706
1983 10 4 600 600 42.45 -76.45 0.0 708
1983 10 4 600 600 43.07 -76.83 0.0 710
1983 10 4 600 600 43.98 -77.22 0.0 752
1983 10 4 600 600 44.68 -77.15 6.696552391438222 753
1983 10 4 600 600 44.28 -77.78 0.0 754
1983 10 4 600 600 39.93 -74.7 22.224526557018002 802
1983 10 4 600 600 40.9 -74.6 429.70158251912335 804
1983 10 4 600 600 41.3 -74.67 714.4149844459018 805
1983 10 4 600 600 42.08 -74.97 60.16946956265992 807
1983 10 4 600 600 42.47 -75.07 15.4683368938884 808
1983 10 4 600 600 42.92 -75.12 3.543036488126992 809
1983 10 4 600 600 43.23 -75.4 0.0 810
1983 10 4 600 600 43.58 -75.52 0.0 811
1983 10 4 600 600 44.48 -76.03 1.3074942613198581 852
1983 10 4 600 600 40.67 -73.52 217.1331711387671 902
1983 10 4 600 600 41.27 -73.8 926.5345672923723 904
1983 10 4 600 600 43.05 -74.2 431.13774412753156 908
1983 10 4 600 600 43.97 -74.1 14.110958355697823 910
1983 10 4 600 600 44.8 -75.0 8.18016441259272 912
1983 10 4 600 600 45.55 -75.52 194.5314830034391 952
1983 10 4 600 600 43.03 -72.8 492.80809861298695 6
1983 10 4 600 600 43.95 -73.22 515.2493856106321 8
1983 10 4 600 600 44.9 -73.8 38.87713821880668 10
1983 10 4 600 600 41.73 -71.43 526.9152422125755 102
1983 10 4 600 600 44.27 -71.3 286.1786324951722 106
1983 10 4 600 600 44.93 -72.2 64.30910568897126 108
1983 10 4 600 600 46.07 -72.58 429.18206038010345 152
1983 10 4 900 600 41.95 -72.3 612.4949970496639 4
1983 10 4 900 600 45.98 -74.0 13.88781632807694 52
1983 10 4 900 600 44.4 -71.18 172.4172646266553 107
1983 10 4 1200 600 39.92 -76.75 0.0 602
1983 10 4 1200 600 40.48 -77.13 0.0 604
1983 10 4 1200 600 41.25 -76.92 0.0 606
1983 10 4 1200 600 41.98 -77.57 0.0 608
1983 10 4 1200 600 42.88 -78.03 0.0 612
1983 10 4 1200 600 43.03 -78.18 0.0 614
1983 10 4 1200 600 43.92 -78.67 0.0 652
1983 10 4 1200 600 44.23 -78.37 0.0 653
1983 10 4 1200 600 44.62 -79.53 0.0 654
1983 10 4 1200 600 40.37 -75.93 1.748921213461528 702
1983 10 4 1200 600 40.78 -74.67 42.80122537287388 703
1983 10 4 1200 600 41.83 -75.87 0.0 706
1983 10 4 1200 600 42.45 -76.45 0.0 708
1983 10 4 1200 600 43.07 -76.83 0.0 710
1983 10 4 1200 600 43.98 -77.22 0.0 752
1983 10 4 1200 600 44.68 -77.15 0.0 753
1983 10 4 1200 600 44.28 -77.78 0.0 754
1983 10 4 1200 600 39.93 -74.7 0.0 802
1983 10 4 1200 600 40.9 -74.6 54.47335336166752 804
1983 10 4 1200 600 41.3 -74.67 43.71597509710232 805
1983 10 4 1200 600 42.08 -74.97 1.2279445862482485 807
1983 10 4 1200 600 42.47 -75.07 0.0 808
1983 10 4 1200 600 42.92 -75.12 0.0 809
1983 10 4 1200 600 43.23 -75.4 0.0 810
1983 10 4 1200 600 44.48 -76.03 8.33472687692154 852
1983 10 4 1200 600 40.67 -73.52 31.352858855511016 902
1983 10 4 1200 600 41.27 -73.8 172.44458275645496 904
1983 10 4 1200 600 43.05 -74.2 4.22110453916252 908
1983 10 4 1200 600 43.97 -74.1 2.066845778840763 910
1983 10 4 1200 600 44.8 -75.0 48.93266746203212 912
1983 10 4 1200 600 45.55 -75.52 3.3199550610707966 952
1983 10 4 1200 600 41.1 -72.37 89.25719658143011 2
1983 10 4 1200 600 43.03 -72.8 38.09072010936914 6
1983 10 4 1200 600 43.95 -73.22 18.16318388728316 8
1983 10 4 1200 600 44.9 -73.8 38.304362758985555 10
1983 10 4 1200 600 41.73 -71.43 241.95841276666718 102
1983 10 4 1200 600 44.27 -71.3 23.430519041725805 106
1983 10 4 1200 600 44.93 -72.2 7.977477933909638 108
1983 10 4 1200 600 46.07 -72.58 0.0 152
1983 10 4 1500 600 40.45 -74.8 2.9213140775789914 803
1983 10 4 1500 600 41.95 -72.3 72.72537384062136 4
1983 10 4 1500 600 44.4 -71.18 11.343884077890955 107
1983 10 4 1800 600 41.25 -76.92 0.0 606
1983 10 4 1800 600 40.78 -74.67 0.0 703
1983 10 4 1800 600 43.07 -76.83 0.0 710
1983 10 4 1800 600 39.93 -74.7 0.0 802
1983 10 4 1800 600 40.9 -74.6 1.1184331243547208 804
1983 10 4 1800 600 41.3 -74.67 0.0 805
1983 10 4 1800 600 42.08 -74.97 0.0 807
1983 10 4 1800 600 42.47 -75.07 0.0 808
1983 10 4 1800 600 42.92 -75.12 0.0 809
1983 10 4 1800 600 43.23 -75.4 0.0 810
1983 10 4 1800 600 43.58 -75.52 0.0 811
1983 10 4 1800 600 44.48 -76.03 0.0 852
1983 10 4 1800 600 40.67 -73.52 0.0 902
1983 10 4 1800 600 41.27 -73.8 3.546055691447576 904
1983 10 4 1800 600 43.05 -74.2 0.0 908
1983 10 4 1800 600 43.97 -74.1 0.0 910
1983 10 4 1800 600 44.8 -75.0 15.739830687565176 912
1983 10 4 1800 600 45.55 -75.52 1.873151602852584 952
1983 10 4 1800 600 41.1 -72.37 11.731867448352233 2
1983 10 4 1800 600 43.03 -72.8 0.0 6
1983 10 4 1800 600 43.95 -73.22 1.0109038559251264 8
1983 10 4 1800 600 44.9 -73.8 6.342491621692423 10
1983 10 4 1800 600 41.73 -71.43 49.84988170181547 102
1983 10 4 1800 600 44.27 -71.3 7.404187406026483 106
1983 10 4 1800 600 44.93 -72.2 15.769518763214142 108
1983 10 4 1800 600 46.07 -72.58 0.0 152
1983 10 4 2100 600 40.45 -74.8 0.0 803
1983 10 4 2100 600 41.95 -72.3 32.284702442069666 4
1983 10 4 2100 600 44.4 -71.18 28.156947153638953 107
1983 10 5 0 600 41.25 -76.92 0.0 606
1983 10 5 0 600 41.73 -71.43 9.849919096412487 102
1983 10 5 0 600 44.27 -71.3 14.199926897383468 106
1983 10 5 0 600 44.93 -72.2 7.876013280278784 108
1983 10 5 0 600 46.07 -72.58 3.801802661729167 152
1983 10 5 300 600 40.45 -74.8 0.0 803
1983 10 5 300 600 44.4 -71.18 2.7904990642336704 107
1983 10 5 900 600 40.45 -74.8 0.0 803
1983 10 5 1200 600 41.25 -76.92 0.0 606
