Yr Mo Da Hr dur Lat Lon Calc Site
1983 9 25 1800 300 40.38 -80.63 0.0 306
1983 9 25 1800 300 40.77 -80.75 0.0 308
1983 9 25 1800 300 40.92 -81.43 0.0 310
1983 9 25 1800 300 41.3 -81.15 0.0 312
1983 9 25 1800 300 41.42 -81.87 0.0 314
1983 9 25 1800 300 41.3 -82.22 0.0 316
1983 9 25 1800 300 41.27 -82.62 0.0 318
1983 9 25 1800 300 41.33 -83.12 0.0 320
1983 9 25 1800 600 40.2 -78.25 0.0 502
1983 9 25 2100 300 40.38 -80.63 0.0 306
1983 9 25 2100 300 40.77 -80.75 0.0 308
1983 9 25 2100 300 40.92 -81.43 0.0 310
1983 9 25 2100 300 41.3 -81.15 0.0 312
1983 9 25 2100 300 41.42 -81.87 0.0 314
1983 9 25 2100 300 41.3 -82.22 0.0 316
1983 9 25 2100 300 41.27 -82.62 0.0 318
1983 9 25 2100 300 41.33 -83.12 0.0 320
1983 9 25 2100 600 40.0 -79.08 0.0 402
1983 9 25 2100 600 40.43 -79.15 0.0 404
1983 9 25 2100 600 40.82 -79.53 0.0 406
1983 9 25 2100 600 41.2 -79.43 0.0 408
1983 9 25 2100 600 41.63 -79.7 0.0 410
1983 9 25 2100 600 42.08 -80.18 0.0 412
1983 9 25 2100 600 42.6 -80.5 0.0 452
1983 9 25 2100 600 42.67 -81.15 0.0 454
1983 9 25 2100 600 42.7 -82.35 0.0 456
1983 9 25 2100 600 40.67 -78.23 0.0 504
1983 9 25 2100 600 41.8 -78.63 0.0 508
1983 9 25 2100 600 42.48 -78.93 0.0 512
1983 9 25 2100 600 43.52 -79.92 0.0 554
1983 9 25 2100 600 43.98 -80.75 0.0 556
1983 9 26 0 300 40.38 -80.63 0.0 306
1983 9 26 0 300 40.77 -80.75 0.0 308
1983 9 26 0 300 40.92 -81.43 0.0 310
1983 9 26 0 300 41.3 -81.15 1.3755150321383531 312
1983 9 26 0 300 41.42 -81.87 13.934595420909542 314
1983 9 26 0 300 41.3 -82.22 15.244011988392685 316
1983 9 26 0 300 41.27 -82.62 76.8562167497439 318
1983 9 26 0 300 41.33 -83.12 30.339200336640285 320
1983 9 26 0 600 40.2 -78.25 0.0 502
1983 9 26 300 300 40.38 -80.63 0.0 306
1983 9 26 300 300 40.77 -80.75 0.0 308
1983 9 26 300 300 40.92 -81.43 2.4121457688628722 310
1983 9 26 300 300 41.3 -81.15 50.43536958742002 312
1983 9 26 300 300 41.42 -81.87 889.7665040071328 314
1983 9 26 300 300 41.3 -82.22 1375.849881442953 316
1983 9 26 300 300 41.27 -82.62 1210.3687090584356 318
1983 9 26 300 300 41.33 -83.12 88.86919900519626 320
1983 9 26 300 600 40.0 -79.08 0.0 402
1983 9 26 300 600 40.43 -79.15 0.0 404
1983 9 26 300 600 40.82 -79.53 0.0 406
1983 9 26 300 600 41.2 -79.43 0.0 408
1983 9 26 300 600 42.08 -80.18 161.89266531194912 412
1983 9 26 300 600 42.6 -80.5 99.84332883073897 452
1983 9 26 300 600 42.67 -81.15 47.38932372338619 454
1983 9 26 300 600 42.7 -82.35 0.0 456
1983 9 26 300 600 40.67 -78.23 0.0 504
1983 9 26 300 600 41.8 -78.63 0.0 508
1983 9 26 300 600 42.48 -78.93 2.46497517698519 512
1983 9 26 300 600 43.18 -79.4 0.0 552
1983 9 26 300 600 43.52 -79.92 0.0 554
1983 9 26 300 600 43.98 -80.75 0.0 556
1983 9 26 300 600 39.92 -76.75 0.0 602
1983 9 26 300 600 40.48 -77.13 0.0 604
1983 9 26 300 600 41.98 -77.57 0.0 608
1983 9 26 300 600 42.88 -78.03 0.0 612
1983 9 26 300 600 43.03 -78.18 0.0 614
1983 9 26 300 600 43.92 -78.67 0.0 652
1983 9 26 300 600 44.23 -78.37 0.0 653
1983 9 26 300 600 44.62 -79.53 0.0 654
1983 9 26 600 300 40.38 -80.63 0.0 306
1983 9 26 600 300 40.77 -80.75 2.5361057267424667 308
1983 9 26 600 300 40.92 -81.43 967.8369664074094 310
1983 9 26 600 300 41.3 -81.15 876.3552409755068 312
1983 9 26 600 300 41.42 -81.87 3655.278581878131 314
1983 9 26 600 300 41.3 -82.22 3494.5333508308713 316
1983 9 26 600 300 41.27 -82.62 986.8319150911057 318
1983 9 26 600 300 41.33 -83.12 19.23271779081662 320
1983 9 26 600 600 40.2 -78.25 0.0 502
1983 9 26 900 300 40.38 -80.63 0.0 306
1983 9 26 900 300 40.77 -80.75 70.59203220329698 308
1983 9 26 900 300 40.92 -81.43 3592.4846430278108 310
1983 9 26 900 300 41.3 -81.15 4588.158844841358 312
1983 9 26 900 300 41.42 -81.87 2645.1472188826265 314
1983 9 26 900 300 41.3 -82.22 1515.7271037966973 316
1983 9 26 900 300 41.27 -82.62 242.97526470080373 318
1983 9 26 900 300 41.33 -83.12 4.370203889496333 320
1983 9 26 900 600 40.0 -79.08 0.0 402
1983 9 26 900 600 40.43 -79.15 0.0 404
1983 9 26 900 600 40.82 -79.53 0.0 406
1983 9 26 900 600 41.2 -79.43 12.936337923095337 408
1983 9 26 900 600 41.63 -79.7 284.40380894444405 410
1983 9 26 900 600 42.08 -80.18 912.5206816753828 412
1983 9 26 900 600 42.6 -80.5 290.1365886402118 452
1983 9 26 900 600 42.67 -81.15 4.3721562772964235 454
1983 9 26 900 600 42.7 -82.35 0.0 456
1983 9 26 900 600 40.67 -78.23 0.0 504
1983 9 26 900 600 41.8 -78.63 11.203618141671196 508
1983 9 26 900 600 42.48 -78.93 203.25660863960863 512
1983 9 26 900 600 43.18 -79.4 128.91854343326938 552
1983 9 26 900 600 43.52 -79.92 3.0956970980484657 554
1983 9 26 900 600 43.98 -80.75 0.0 556
1983 9 26 900 600 39.92 -76.75 0.0 602
1983 9 26 900 600 40.48 -77.13 0.0 604
1983 9 26 900 600 41.98 -77.57 2.490736072040715 608
1983 9 26 900 600 42.88 -78.03 60.853222357687955 612
1983 9 26 900 600 43.03 -78.18 78.98076153728705 614
1983 9 26 900 600 43.92 -78.67 2.366049334208014 652
1983 9 26 900 600 44.23 -78.37 0.0 653
1983 9 26 900 600 44.62 -79.53 0.0 654
1983 9 26 900 600 41.02 -75.9 0.0 704
1983 9 26 900 600 41.83 -75.87 0.0 706
1983 9 26 900 600 42.45 -76.45 1.7218215876239822 708
1983 9 26 900 600 43.98 -77.22 0.0 752
1983 9 26 900 600 44.68 -77.15 0.0 753
1983 9 26 900 600 44.28 -77.78 0.0 754
1983 9 26 900 600 39.93 -74.7 0.0 802
1983 9 26 900 600 40.45 -74.8 0.0 803
1983 9 26 900 600 40.9 -74.6 0.0 804
1983 9 26 900 600 41.3 -74.67 0.0 805
1983 9 26 900 600 41.63 -74.8 0.0 806
1983 9 26 900 600 42.08 -74.97 0.0 807
1983 9 26 900 600 42.47 -75.07 0.0 808
1983 9 26 900 600 43.23 -75.4 0.0 810
1983 9 26 900 600 43.58 -75.52 0.0 811
1983 9 26 900 600 44.0 -76.02 0.0 812
1983 9 26 900 600 44.48 -76.03 0.0 852
1983 9 26 1200 600 40.2 -78.25 0.0 502
1983 9 26 1200 600 43.07 -76.83 69.29199928409868 710
1983 9 26 1500 600 40.0 -79.08 0.0 402
1983 9 26 1500 600 40.43 -79.15 0.0 404
1983 9 26 1500 600 40.82 -79.53 42.24798062862164 406
1983 9 26 1500 600 41.2 -79.43 253.65813495084478 408
1983 9 26 1500 600 41.63 -79.7 467.4922522824587 410
1983 9 26 1500 600 42.08 -80.18 199.35197789521823 412
1983 9 26 1500 600 42.6 -80.5 0.0 452
1983 9 26 1500 600 42.67 -81.15 0.0 454
1983 9 26 1500 600 42.7 -82.35 0.0 456
1983 9 26 1500 600 40.67 -78.23 2.119850468338711 504
1983 9 26 1500 600 41.8 -78.63 485.72031882564994 508
1983 9 26 1500 600 42.25 -78.8 435.997044635704 510
1983 9 26 1500 600 42.48 -78.93 514.0894162006347 512
1983 9 26 1500 600 43.18 -79.4 22.62462949567833 552
1983 9 26 1500 600 43.52 -79.92 0.0 554
1983 9 26 1500 600 43.98 -80.75 0.0 556
1983 9 26 1500 600 39.92 -76.75 0.0 602
1983 9 26 1500 600 40.48 -77.13 0.0 604
1983 9 26 1500 600 41.98 -77.57 385.61748271313485 608
1983 9 26 1500 600 42.88 -78.03 540.7249988041856 612
1983 9 26 1500 600 43.03 -78.18 455.06752156609997 614
1983 9 26 1500 600 43.92 -78.67 2.549138254341022 652
1983 9 26 1500 600 44.23 -78.37 0.0 653
1983 9 26 1500 600 44.62 -79.53 0.0 654
1983 9 26 1500 600 41.02 -75.9 14.318416373265265 704
1983 9 26 1500 600 41.83 -75.87 125.93695854000808 706
1983 9 26 1500 600 42.45 -76.45 246.13579478740365 708
1983 9 26 1500 600 43.98 -77.22 35.12163005100821 752
1983 9 26 1500 600 44.68 -77.15 0.0 753
1983 9 26 1500 600 44.28 -77.78 3.4336625755754517 754
1983 9 26 1500 600 39.93 -74.7 0.0 802
1983 9 26 1500 600 40.45 -74.8 0.0 803
1983 9 26 1500 600 40.9 -74.6 0.0 804
1983 9 26 1500 600 41.3 -74.67 2.6206189875884807 805
1983 9 26 1500 600 41.63 -74.8 9.731684688149375 806
1983 9 26 1500 600 42.08 -74.97 33.25869812837482 807
1983 9 26 1500 600 42.47 -75.07 62.105858181519636 808
1983 9 26 1500 600 43.23 -75.4 31.810040101795103 810
1983 9 26 1500 600 43.58 -75.52 7.91859373410734 811
1983 9 26 1500 600 44.0 -76.02 8.36040358002782 812
1983 9 26 1500 600 44.48 -76.03 1.5682541429140506 852
1983 9 26 1500 600 40.67 -73.52 0.0 902
1983 9 26 1500 600 43.05 -74.2 6.294655250067963 908
1983 9 26 1500 600 44.8 -75.0 0.0 912
1983 9 26 1500 600 45.55 -75.52 0.0 952
1983 9 26 1800 600 40.2 -78.25 0.0 502
1983 9 26 1800 600 43.07 -76.83 511.9216999689876 710
1983 9 26 2100 600 40.0 -79.08 0.0 402
1983 9 26 2100 600 40.43 -79.15 0.0 404
1983 9 26 2100 600 40.82 -79.53 11.320512779377333 406
1983 9 26 2100 600 41.2 -79.43 72.21638209871794 408
1983 9 26 2100 600 41.63 -79.7 91.71390835143015 410
1983 9 26 2100 600 42.08 -80.18 9.634506494809331 412
1983 9 26 2100 600 42.6 -80.5 0.0 452
1983 9 26 2100 600 42.67 -81.15 0.0 454
1983 9 26 2100 600 42.7 -82.35 0.0 456
1983 9 26 2100 600 40.67 -78.23 9.723255823152918 504
1983 9 26 2100 600 41.8 -78.63 233.89504129396713 508
1983 9 26 2100 600 42.25 -78.8 72.30159797036293 510
1983 9 26 2100 600 42.48 -78.93 21.318968682926084 512
1983 9 26 2100 600 43.18 -79.4 0.0 552
1983 9 26 2100 600 43.52 -79.92 0.0 554
1983 9 26 2100 600 43.98 -80.75 0.0 556
1983 9 26 2100 600 39.92 -76.75 0.0 602
1983 9 26 2100 600 40.48 -77.13 3.055529944932663 604
1983 9 26 2100 600 41.98 -77.57 637.7463705009854 608
1983 9 26 2100 600 42.88 -78.03 182.34507824103864 612
1983 9 26 2100 600 43.03 -78.18 82.88758162408102 614
1983 9 26 2100 600 43.92 -78.67 0.0 652
1983 9 26 2100 600 44.23 -78.37 0.0 653
1983 9 26 2100 600 44.62 -79.53 0.0 654
1983 9 26 2100 600 40.37 -75.93 4.692472046033001 702
1983 9 26 2100 600 40.78 -74.67 3.911657657020401 703
1983 9 26 2100 600 41.02 -75.9 41.75266287305758 704
1983 9 26 2100 600 41.83 -75.87 165.58395463928596 706
1983 9 26 2100 600 42.45 -76.45 740.0345996320887 708
1983 9 26 2100 600 43.98 -77.22 106.33397974117268 752
1983 9 26 2100 600 44.28 -77.78 6.824839721359005 754
1983 9 26 2100 600 39.93 -74.7 0.0 802
1983 9 26 2100 600 40.45 -74.8 1.395520601604861 803
1983 9 26 2100 600 40.9 -74.6 5.412887207700517 804
1983 9 26 2100 600 41.3 -74.67 28.188292933557282 805
1983 9 26 2100 600 41.63 -74.8 83.7950740289218 806
1983 9 26 2100 600 42.08 -74.97 159.21668099187792 807
1983 9 26 2100 600 42.47 -75.07 251.2985184817778 808
1983 9 26 2100 600 43.23 -75.4 332.4687272232679 810
1983 9 26 2100 600 43.58 -75.52 193.90428911630704 811
1983 9 26 2100 600 44.0 -76.02 222.5909954663519 812
1983 9 26 2100 600 44.48 -76.03 96.7085789935222 852
1983 9 26 2100 600 40.67 -73.52 0.0 902
1983 9 26 2100 600 41.27 -73.8 6.204312583847151 904
1983 9 26 2100 600 43.05 -74.2 216.07342155551703 908
1983 9 26 2100 600 43.97 -74.1 23.331800520684634 910
1983 9 26 2100 600 44.8 -75.0 31.6136331552683 912
1983 9 26 2100 600 45.55 -75.52 3.0950213203392933 952
1983 9 26 2100 600 41.1 -72.37 0.0 2
1983 9 26 2100 600 43.03 -72.8 14.380498760596762 6
1983 9 26 2100 600 43.95 -73.22 19.454337851894266 8
1983 9 26 2100 600 44.9 -73.8 2.4610138431648796 10
1983 9 27 0 600 40.2 -78.25 1.4951263100422925 502
1983 9 27 0 600 43.07 -76.83 1834.511930304583 710
1983 9 27 300 600 40.0 -79.08 0.0 402
1983 9 27 300 600 40.43 -79.15 0.0 404
1983 9 27 300 600 40.82 -79.53 0.0 406
1983 9 27 300 600 41.2 -79.43 3.2603716782238217 408
1983 9 27 300 600 41.63 -79.7 5.354935765910056 410
1983 9 27 300 600 42.08 -80.18 1.5066567000485052 412
1983 9 27 300 600 42.6 -80.5 0.0 452
1983 9 27 300 600 42.67 -81.15 0.0 454
1983 9 27 300 600 42.7 -82.35 0.0 456
1983 9 27 300 600 40.67 -78.23 24.287555730088823 504
1983 9 27 300 600 41.8 -78.63 67.1952743464872 508
1983 9 27 300 600 42.25 -78.8 32.62660098121508 510
1983 9 27 300 600 42.48 -78.93 15.680056270483735 512
1983 9 27 300 600 43.18 -79.4 0.0 552
1983 9 27 300 600 43.52 -79.92 0.0 554
1983 9 27 300 600 43.98 -80.75 0.0 556
1983 9 27 300 600 39.92 -76.75 8.867384623882282 602
1983 9 27 300 600 40.48 -77.13 89.29760923203796 604
1983 9 27 300 600 41.98 -77.57 538.2595105777302 608
1983 9 27 300 600 42.88 -78.03 16.002690240691035 612
1983 9 27 300 600 43.03 -78.18 5.89494542006573 614
1983 9 27 300 600 43.92 -78.67 0.0 652
1983 9 27 300 600 44.23 -78.37 0.0 653
1983 9 27 300 600 44.62 -79.53 0.0 654
1983 9 27 300 600 40.37 -75.93 27.700985577755564 702
1983 9 27 300 600 40.78 -74.67 58.53099172900494 703
1983 9 27 300 600 41.02 -75.9 161.98041094194215 704
1983 9 27 300 600 41.83 -75.87 408.424253207949 706
1983 9 27 300 600 42.45 -76.45 2023.913096419261 708
1983 9 27 300 600 43.98 -77.22 33.41841849110281 752
1983 9 27 300 600 44.28 -77.78 1.169579665112825 754
1983 9 27 300 600 39.93 -74.7 5.896614887983256 802
1983 9 27 300 600 40.45 -74.8 21.37866432605377 803
1983 9 27 300 600 40.9 -74.6 83.78870692465283 804
1983 9 27 300 600 41.3 -74.67 165.99693177852592 805
1983 9 27 300 600 41.63 -74.8 178.88665513719684 806
1983 9 27 300 600 42.08 -74.97 176.00409561212268 807
1983 9 27 300 600 42.47 -75.07 236.16856080260712 808
1983 9 27 300 600 43.23 -75.4 611.6175267606945 810
1983 9 27 300 600 43.58 -75.52 492.5468988802069 811
1983 9 27 300 600 44.48 -76.03 186.90652303827275 852
1983 9 27 300 600 40.67 -73.52 27.178070785814395 902
1983 9 27 300 600 41.27 -73.8 65.36178517243158 904
1983 9 27 300 600 43.05 -74.2 956.5680217888352 908
1983 9 27 300 600 43.97 -74.1 227.11017794706598 910
1983 9 27 300 600 44.8 -75.0 135.00123314278548 912
1983 9 27 300 600 45.55 -75.52 12.15479739810674 952
1983 9 27 300 600 41.1 -72.37 49.68621184810407 2
1983 9 27 300 600 43.03 -72.8 137.14224466857667 6
1983 9 27 300 600 43.95 -73.22 286.636412443227 8
1983 9 27 300 600 44.9 -73.8 81.85268745457869 10
1983 9 27 300 600 45.98 -74.0 10.108723484500226 52
1983 9 27 300 600 41.73 -71.43 35.55831079427256 102
1983 9 27 300 600 44.4 -71.18 12.85925642746831 107
1983 9 27 300 600 44.93 -72.2 3.4210312226765685 108
1983 9 27 300 600 46.07 -72.58 3.9292511242318215 152
1983 9 27 600 600 43.07 -76.83 522.5554980596263 710
1983 9 27 900 600 42.25 -78.8 2.1669383713971513 510
1983 9 27 900 600 43.18 -79.4 0.0 552
1983 9 27 900 600 39.92 -76.75 196.15456533614477 602
1983 9 27 900 600 40.48 -77.13 296.6578131936963 604
1983 9 27 900 600 41.98 -77.57 107.24474481581142 608
1983 9 27 900 600 42.88 -78.03 11.83919389682639 612
1983 9 27 900 600 43.03 -78.18 5.450669311814262 614
1983 9 27 900 600 43.92 -78.67 0.0 652
1983 9 27 900 600 44.23 -78.37 0.0 653
1983 9 27 900 600 44.62 -79.53 0.0 654
1983 9 27 900 600 40.37 -75.93 506.41638319384265 702
1983 9 27 900 600 40.78 -74.67 578.5335754168448 703
1983 9 27 900 600 41.02 -75.9 671.5004107036295 704
1983 9 27 900 600 41.83 -75.87 600.0117260132724 706
1983 9 27 900 600 42.45 -76.45 508.9997858289829 708
1983 9 27 900 600 43.98 -77.22 7.7027674270685225 752
1983 9 27 900 600 44.28 -77.78 0.0 754
1983 9 27 900 600 39.93 -74.7 131.2730867429313 802
1983 9 27 900 600 40.45 -74.8 380.0054004813961 803
1983 9 27 900 600 40.9 -74.6 668.8019451678724 804
1983 9 27 900 600 41.3 -74.67 684.178154167064 805
1983 9 27 900 600 41.63 -74.8 433.9724982425857 806
1983 9 27 900 600 42.08 -74.97 344.1218711384843 807
1983 9 27 900 600 42.47 -75.07 409.11669561527094 808
1983 9 27 900 600 43.23 -75.4 348.43523187551835 810
1983 9 27 900 600 43.58 -75.52 199.02759886981534 811
1983 9 27 900 600 44.48 -76.03 19.33623118611816 852
1983 9 27 900 600 40.67 -73.52 215.0938940563491 902
1983 9 27 900 600 41.27 -73.8 880.9398779297561 904
1983 9 27 900 600 43.05 -74.2 532.80935303237 908
1983 9 27 900 600 43.97 -74.1 129.86140100138226 910
1983 9 27 900 600 44.8 -75.0 28.177023434349795 912
1983 9 27 900 600 45.55 -75.52 3.5144511795454227 952
1983 9 27 900 600 41.1 -72.37 225.53390490130292 2
1983 9 27 900 600 43.03 -72.8 298.2673149976075 6
1983 9 27 900 600 43.95 -73.22 528.6456267151982 8
1983 9 27 900 600 44.9 -73.8 65.42213120902011 10
1983 9 27 900 600 45.98 -74.0 5.397595737796124 52
1983 9 27 900 600 41.73 -71.43 264.04546310817796 102
1983 9 27 900 600 44.4 -71.18 41.905777534236954 107
1983 9 27 900 600 44.93 -72.2 20.973122860000853 108
1983 9 27 900 600 46.07 -72.58 13.122497402967234 152
1983 9 27 1200 600 43.07 -76.83 11.567527198485898 710
1983 9 27 1500 600 42.25 -78.8 0.0 510
1983 9 27 1500 600 40.37 -75.93 189.21103447375484 702
1983 9 27 1500 600 40.78 -74.67 158.84618061677907 703
1983 9 27 1500 600 41.02 -75.9 63.32776674977532 704
1983 9 27 1500 600 41.83 -75.87 21.373892517830722 706
1983 9 27 1500 600 42.45 -76.45 5.412987211641072 708
1983 9 27 1500 600 43.98 -77.22 0.0 752
1983 9 27 1500 600 44.28 -77.78 0.0 754
1983 9 27 1500 600 39.93 -74.7 208.19408332162044 802
1983 9 27 1500 600 40.45 -74.8 203.4752090745904 803
1983 9 27 1500 600 40.9 -74.6 142.23432770684397 804
1983 9 27 1500 600 41.3 -74.67 69.63874446562991 805
1983 9 27 1500 600 41.63 -74.8 38.42228462661576 806
1983 9 27 1500 600 42.08 -74.97 33.10834607729856 807
1983 9 27 1500 600 42.47 -75.07 31.076611225784045 808
1983 9 27 1500 600 43.23 -75.4 5.517729275952194 810
1983 9 27 1500 600 43.58 -75.52 1.1893822260952218 811
1983 9 27 1500 600 44.48 -76.03 0.0 852
1983 9 27 1500 600 40.67 -73.52 305.6146762959119 902
1983 9 27 1500 600 41.27 -73.8 166.07997843554932 904
1983 9 27 1500 600 43.05 -74.2 27.575063175490826 908
1983 9 27 1500 600 43.97 -74.1 2.803566598622258 910
1983 9 27 1500 600 44.8 -75.0 0.0 912
1983 9 27 1500 600 45.55 -75.52 0.0 952
1983 9 27 1500 600 41.1 -72.37 253.84709682185272 2
1983 9 27 1500 600 43.03 -72.8 71.80951168776835 6
1983 9 27 1500 600 43.95 -73.22 13.460043700533106 8
1983 9 27 1500 600 44.9 -73.8 0.0 10
1983 9 27 1500 600 45.98 -74.0 0.0 52
1983 9 27 1500 600 41.73 -71.43 182.68621664674492 102
1983 9 27 1500 600 44.4 -71.18 13.862860527538391 107
1983 9 27 1500 600 44.93 -72.2 4.729704186817737 108
1983 9 27 1500 600 46.07 -72.58 0.0 152
1983 9 27 1800 600 43.07 -76.83 0.0 710
1983 9 27 2100 600 42.25 -78.8 0.0 510
1983 9 27 2100 600 40.37 -75.93 53.20954377068358 702
1983 9 27 2100 600 40.78 -74.67 76.25246654844672 703
1983 9 27 2100 600 40.67 -73.52 200.86717120698157 902
1983 9 27 2100 600 41.27 -73.8 74.07275435826055 904
1983 9 27 2100 600 43.05 -74.2 0.0 908
1983 9 27 2100 600 43.97 -74.1 0.0 910
1983 9 27 2100 600 44.8 -75.0 0.0 912
1983 9 27 2100 600 45.55 -75.52 0.0 952
1983 9 27 2100 600 41.1 -72.37 234.6764157809676 2
1983 9 27 2100 600 43.03 -72.8 5.978836218565507 6
1983 9 27 2100 600 43.95 -73.22 0.0 8
1983 9 27 2100 600 44.9 -73.8 0.0 10
1983 9 27 2100 600 45.98 -74.0 0.0 52
1983 9 27 2100 600 41.73 -71.43 230.88200608631652 102
1983 9 27 2100 600 44.4 -71.18 1.2800474862373807 107
1983 9 27 2100 600 44.93 -72.2 0.0 108
1983 9 27 2100 600 46.07 -72.58 0.0 152
1983 9 28 300 600 40.37 -75.93 10.111448827410946 702
1983 9 28 300 600 40.78 -74.67 23.630492371704598 703
1983 9 28 300 600 41.27 -73.8 20.95471324120536 904
1983 9 28 300 600 43.97 -74.1 0.0 910
1983 9 28 300 600 41.1 -72.37 96.2109663061398 2
1983 9 28 300 600 43.03 -72.8 0.0 6
1983 9 28 300 600 43.95 -73.22 0.0 8
1983 9 28 300 600 44.9 -73.8 0.0 10
1983 9 28 300 600 45.98 -74.0 0.0 52
1983 9 28 300 600 41.73 -71.43 71.74184906217809 102
1983 9 28 300 600 44.4 -71.18 0.0 107
1983 9 28 300 600 44.93 -72.2 0.0 108
1983 9 28 300 600 46.07 -72.58 0.0 152
