Yr Mo Da Hr dur Lat Lon Calc Site
1983 9 25 1800 300 40.38 -80.63 0.0 306
1983 9 25 1800 300 40.77 -80.75 0.0 308
1983 9 25 1800 300 40.92 -81.43 0.0 310
1983 9 25 1800 300 41.3 -81.15 0.0 312
1983 9 25 1800 300 41.42 -81.87 0.0 314
1983 9 25 1800 300 41.3 -82.22 0.0 316
1983 9 25 1800 300 41.27 -82.62 0.0 318
1983 9 25 1800 300 41.33 -83.12 0.0 320
1983 9 25 1800 600 40.2 -78.25 0.0 502
1983 9 25 2100 300 40.38 -80.63 0.0 306
1983 9 25 2100 300 40.77 -80.75 0.0 308
1983 9 25 2100 300 40.92 -81.43 0.0 310
1983 9 25 2100 300 41.3 -81.15 0.0 312
1983 9 25 2100 300 41.42 -81.87 0.0 314
1983 9 25 2100 300 41.3 -82.22 0.0 316
1983 9 25 2100 300 41.27 -82.62 0.0 318
1983 9 25 2100 300 41.33 -83.12 0.0 320
1983 9 25 2100 600 40.0 -79.08 0.0 402
1983 9 25 2100 600 40.43 -79.15 0.0 404
1983 9 25 2100 600 40.82 -79.53 0.0 406
1983 9 25 2100 600 41.2 -79.43 0.0 408
1983 9 25 2100 600 41.63 -79.7 0.0 410
1983 9 25 2100 600 42.08 -80.18 0.0 412
1983 9 25 2100 600 42.6 -80.5 0.0 452
1983 9 25 2100 600 42.67 -81.15 0.0 454
1983 9 25 2100 600 42.7 -82.35 0.0 456
1983 9 25 2100 600 40.67 -78.23 0.0 504
1983 9 25 2100 600 41.8 -78.63 0.0 508
1983 9 25 2100 600 42.48 -78.93 0.0 512
1983 9 25 2100 600 43.52 -79.92 0.0 554
1983 9 25 2100 600 43.98 -80.75 0.0 556
1983 9 26 0 300 40.38 -80.63 0.0 306
1983 9 26 0 300 40.77 -80.75 0.0 308
1983 9 26 0 300 40.92 -81.43 0.0 310
1983 9 26 0 300 41.3 -81.15 0.0 312
1983 9 26 0 300 41.42 -81.87 35.079846351751286 314
1983 9 26 0 300 41.3 -82.22 27.16315894183678 316
1983 9 26 0 300 41.27 -82.62 185.1308067114505 318
1983 9 26 0 300 41.33 -83.12 18.771193407010127 320
1983 9 26 0 600 40.2 -78.25 0.0 502
1983 9 26 300 300 40.38 -80.63 0.0 306
1983 9 26 300 300 40.77 -80.75 0.0 308
1983 9 26 300 300 40.92 -81.43 2.519958735304499 310
1983 9 26 300 300 41.3 -81.15 29.60866867383089 312
1983 9 26 300 300 41.42 -81.87 1149.075594007629 314
1983 9 26 300 300 41.3 -82.22 2087.2534837380676 316
1983 9 26 300 300 41.27 -82.62 2125.469739682307 318
1983 9 26 300 300 41.33 -83.12 46.444660052828134 320
1983 9 26 300 600 40.0 -79.08 0.0 402
1983 9 26 300 600 40.43 -79.15 0.0 404
1983 9 26 300 600 40.82 -79.53 0.0 406
1983 9 26 300 600 41.2 -79.43 0.0 408
1983 9 26 300 600 42.08 -80.18 273.7572034481798 412
1983 9 26 300 600 42.6 -80.5 109.39391801983696 452
1983 9 26 300 600 42.67 -81.15 80.25425417739866 454
1983 9 26 300 600 42.7 -82.35 0.0 456
1983 9 26 300 600 40.67 -78.23 0.0 504
1983 9 26 300 600 41.8 -78.63 0.0 508
1983 9 26 300 600 42.48 -78.93 4.651123817238124 512
1983 9 26 300 600 43.18 -79.4 0.0 552
1983 9 26 300 600 43.52 -79.92 0.0 554
1983 9 26 300 600 43.98 -80.75 0.0 556
1983 9 26 300 600 39.92 -76.75 0.0 602
1983 9 26 300 600 40.48 -77.13 0.0 604
1983 9 26 300 600 41.98 -77.57 0.0 608
1983 9 26 300 600 42.88 -78.03 0.0 612
1983 9 26 300 600 43.03 -78.18 0.0 614
1983 9 26 300 600 43.92 -78.67 0.0 652
1983 9 26 300 600 44.23 -78.37 0.0 653
1983 9 26 300 600 44.62 -79.53 0.0 654
1983 9 26 600 300 40.38 -80.63 0.0 306
1983 9 26 600 300 40.77 -80.75 0.0 308
1983 9 26 600 300 40.92 -81.43 763.8820764749257 310
1983 9 26 600 300 41.3 -81.15 802.583344648603 312
1983 9 26 600 300 41.42 -81.87 5524.304064235294 314
1983 9 26 600 300 41.3 -82.22 5178.106446102897 316
1983 9 26 600 300 41.27 -82.62 1530.1293580943077 318
1983 9 26 600 300 41.33 -83.12 28.759843279358442 320
1983 9 26 600 600 40.2 -78.25 0.0 502
1983 9 26 900 300 40.38 -80.63 0.0 306
1983 9 26 900 300 40.77 -80.75 30.34640717105214 308
1983 9 26 900 300 40.92 -81.43 3240.2031355547624 310
1983 9 26 900 300 41.3 -81.15 5435.57926799303 312
1983 9 26 900 300 41.42 -81.87 4160.289533620243 314
1983 9 26 900 300 41.3 -82.22 2535.6971871809387 316
1983 9 26 900 300 41.27 -82.62 423.5382148519501 318
1983 9 26 900 300 41.33 -83.12 5.35864987860622 320
1983 9 26 900 600 40.0 -79.08 0.0 402
1983 9 26 900 600 40.43 -79.15 0.0 404
1983 9 26 900 600 40.82 -79.53 1.8010571863027003 406
1983 9 26 900 600 41.2 -79.43 8.542815764620851 408
1983 9 26 900 600 41.63 -79.7 261.81262914433574 410
1983 9 26 900 600 42.08 -80.18 1081.4410618884608 412
1983 9 26 900 600 42.6 -80.5 506.9250262259929 452
1983 9 26 900 600 42.67 -81.15 2.702736905830131 454
1983 9 26 900 600 42.7 -82.35 0.0 456
1983 9 26 900 600 40.67 -78.23 0.0 504
1983 9 26 900 600 41.8 -78.63 16.143169687807596 508
1983 9 26 900 600 42.48 -78.93 225.28065753730877 512
1983 9 26 900 600 43.18 -79.4 204.96831318452053 552
1983 9 26 900 600 43.52 -79.92 2.3658160206005454 554
1983 9 26 900 600 43.98 -80.75 0.0 556
1983 9 26 900 600 39.92 -76.75 0.0 602
1983 9 26 900 600 40.48 -77.13 0.0 604
1983 9 26 900 600 41.98 -77.57 9.076915277089956 608
1983 9 26 900 600 42.88 -78.03 77.72774118133368 612
1983 9 26 900 600 43.03 -78.18 100.06430548320002 614
1983 9 26 900 600 43.92 -78.67 2.010834560598485 652
1983 9 26 900 600 44.23 -78.37 0.0 653
1983 9 26 900 600 44.62 -79.53 0.0 654
1983 9 26 900 600 41.02 -75.9 0.0 704
1983 9 26 900 600 41.83 -75.87 0.0 706
1983 9 26 900 600 42.45 -76.45 0.0 708
1983 9 26 900 600 43.98 -77.22 2.1368003859713878 752
1983 9 26 900 600 44.68 -77.15 0.0 753
1983 9 26 900 600 44.28 -77.78 1.132674008027651 754
1983 9 26 900 600 39.93 -74.7 0.0 802
1983 9 26 900 600 40.45 -74.8 0.0 803
1983 9 26 900 600 40.9 -74.6 0.0 804
1983 9 26 900 600 41.3 -74.67 0.0 805
1983 9 26 900 600 41.63 -74.8 0.0 806
1983 9 26 900 600 42.08 -74.97 0.0 807
1983 9 26 900 600 42.47 -75.07 0.0 808
1983 9 26 900 600 43.23 -75.4 0.0 810
1983 9 26 900 600 43.58 -75.52 0.0 811
1983 9 26 900 600 44.0 -76.02 0.0 812
1983 9 26 900 600 44.48 -76.03 0.0 852
1983 9 26 1200 600 40.2 -78.25 0.0 502
1983 9 26 1200 600 43.07 -76.83 98.06181704530674 710
1983 9 26 1500 600 40.0 -79.08 0.0 402
1983 9 26 1500 600 40.43 -79.15 1.033732461792795 404
1983 9 26 1500 600 40.82 -79.53 40.43424458292277 406
1983 9 26 1500 600 41.2 -79.43 270.36314500859214 408
1983 9 26 1500 600 41.63 -79.7 686.6123598344234 410
1983 9 26 1500 600 42.08 -80.18 249.8397322676451 412
1983 9 26 1500 600 42.6 -80.5 1.7650224926183897 452
1983 9 26 1500 600 42.67 -81.15 0.0 454
1983 9 26 1500 600 42.7 -82.35 0.0 456
1983 9 26 1500 600 40.67 -78.23 1.3113717938659275 504
1983 9 26 1500 600 41.8 -78.63 564.1253011512584 508
1983 9 26 1500 600 42.25 -78.8 604.4022521642681 510
1983 9 26 1500 600 42.48 -78.93 638.6586546275962 512
1983 9 26 1500 600 43.18 -79.4 35.557928514848285 552
1983 9 26 1500 600 43.52 -79.92 0.0 554
1983 9 26 1500 600 43.98 -80.75 0.0 556
1983 9 26 1500 600 39.92 -76.75 0.0 602
1983 9 26 1500 600 40.48 -77.13 0.0 604
1983 9 26 1500 600 41.98 -77.57 427.706873352196 608
1983 9 26 1500 600 42.88 -78.03 705.8440001716008 612
1983 9 26 1500 600 43.03 -78.18 668.3495782458798 614
1983 9 26 1500 600 43.92 -78.67 2.408764519301243 652
1983 9 26 1500 600 44.23 -78.37 0.0 653
1983 9 26 1500 600 44.62 -79.53 0.0 654
1983 9 26 1500 600 41.02 -75.9 9.933888180456872 704
1983 9 26 1500 600 41.83 -75.87 157.58164941560852 706
1983 9 26 1500 600 42.45 -76.45 287.214854123197 708
1983 9 26 1500 600 43.98 -77.22 38.40154516500359 752
1983 9 26 1500 600 44.68 -77.15 0.0 753
1983 9 26 1500 600 44.28 -77.78 3.4031446115158728 754
1983 9 26 1500 600 39.93 -74.7 0.0 802
1983 9 26 1500 600 40.45 -74.8 0.0 803
1983 9 26 1500 600 40.9 -74.6 0.0 804
1983 9 26 1500 600 41.3 -74.67 2.954764578554202 805
1983 9 26 1500 600 41.63 -74.8 10.67410164792939 806
1983 9 26 1500 600 42.08 -74.97 30.44236539697629 807
1983 9 26 1500 600 42.47 -75.07 60.872727169032956 808
1983 9 26 1500 600 43.23 -75.4 46.821618630993974 810
1983 9 26 1500 600 43.58 -75.52 10.928047596417956 811
1983 9 26 1500 600 44.0 -76.02 5.9928578840621665 812
1983 9 26 1500 600 44.48 -76.03 0.0 852
1983 9 26 1500 600 40.67 -73.52 0.0 902
1983 9 26 1500 600 43.05 -74.2 15.787671746028167 908
1983 9 26 1500 600 44.8 -75.0 0.0 912
1983 9 26 1500 600 45.55 -75.52 0.0 952
1983 9 26 1800 600 40.2 -78.25 0.0 502
1983 9 26 1800 600 43.07 -76.83 927.7508027634456 710
1983 9 26 2100 600 40.0 -79.08 0.0 402
1983 9 26 2100 600 40.43 -79.15 0.0 404
1983 9 26 2100 600 40.82 -79.53 5.47222205950866 406
1983 9 26 2100 600 41.2 -79.43 72.80081101823649 408
1983 9 26 2100 600 41.63 -79.7 189.7970603237136 410
1983 9 26 2100 600 42.08 -80.18 8.059321029396415 412
1983 9 26 2100 600 42.6 -80.5 0.0 452
1983 9 26 2100 600 42.67 -81.15 0.0 454
1983 9 26 2100 600 42.7 -82.35 0.0 456
1983 9 26 2100 600 40.67 -78.23 9.88273485206453 504
1983 9 26 2100 600 41.8 -78.63 433.1611641510641 508
1983 9 26 2100 600 42.25 -78.8 144.78335846916954 510
1983 9 26 2100 600 42.48 -78.93 34.916727669401794 512
1983 9 26 2100 600 43.18 -79.4 0.0 552
1983 9 26 2100 600 43.52 -79.92 0.0 554
1983 9 26 2100 600 43.98 -80.75 0.0 556
1983 9 26 2100 600 39.92 -76.75 0.0 602
1983 9 26 2100 600 40.48 -77.13 3.1989348089628047 604
1983 9 26 2100 600 41.98 -77.57 852.9125827646509 608
1983 9 26 2100 600 42.88 -78.03 309.7684468468515 612
1983 9 26 2100 600 43.03 -78.18 149.16514333138838 614
1983 9 26 2100 600 43.92 -78.67 1.2230002708362466 652
1983 9 26 2100 600 44.23 -78.37 1.7507718013026343 653
1983 9 26 2100 600 44.62 -79.53 0.0 654
1983 9 26 2100 600 40.37 -75.93 3.3838157763198318 702
1983 9 26 2100 600 40.78 -74.67 6.577915506290205 703
1983 9 26 2100 600 41.02 -75.9 26.828337371884302 704
1983 9 26 2100 600 41.83 -75.87 142.95313029911162 706
1983 9 26 2100 600 42.45 -76.45 1187.1424700049697 708
1983 9 26 2100 600 43.98 -77.22 309.9076994477627 752
1983 9 26 2100 600 44.28 -77.78 19.20822010416539 754
1983 9 26 2100 600 39.93 -74.7 0.0 802
1983 9 26 2100 600 40.45 -74.8 1.8243041918058642 803
1983 9 26 2100 600 40.9 -74.6 9.328045356062741 804
1983 9 26 2100 600 41.3 -74.67 37.89510374571516 805
1983 9 26 2100 600 41.63 -74.8 82.80382383392319 806
1983 9 26 2100 600 42.08 -74.97 171.49627024654222 807
1983 9 26 2100 600 42.47 -75.07 344.7465741764701 808
1983 9 26 2100 600 43.23 -75.4 518.1970186773315 810
1983 9 26 2100 600 43.58 -75.52 264.1921948602637 811
1983 9 26 2100 600 44.0 -76.02 404.4114198216362 812
1983 9 26 2100 600 44.48 -76.03 150.69909078611613 852
1983 9 26 2100 600 40.67 -73.52 0.0 902
1983 9 26 2100 600 41.27 -73.8 11.535526196093638 904
1983 9 26 2100 600 43.05 -74.2 264.7206382930642 908
1983 9 26 2100 600 43.97 -74.1 28.813485065108093 910
1983 9 26 2100 600 44.8 -75.0 38.670498392572725 912
1983 9 26 2100 600 45.55 -75.52 8.982774650858211 952
1983 9 26 2100 600 41.1 -72.37 0.0 2
1983 9 26 2100 600 43.03 -72.8 23.68370675423487 6
1983 9 26 2100 600 43.95 -73.22 14.027773698339496 8
1983 9 26 2100 600 44.9 -73.8 2.6747502249391486 10
1983 9 27 0 600 40.2 -78.25 1.833221160766045 502
1983 9 27 0 600 43.07 -76.83 3357.6653917071226 710
1983 9 27 300 600 40.0 -79.08 0.0 402
1983 9 27 300 600 40.43 -79.15 1.0220896151323033 404
1983 9 27 300 600 40.82 -79.53 1.4004486976962707 406
1983 9 27 300 600 41.2 -79.43 6.480784739720969 408
1983 9 27 300 600 41.63 -79.7 12.263042165786537 410
1983 9 27 300 600 42.08 -80.18 1.5919503469480571 412
1983 9 27 300 600 42.6 -80.5 0.0 452
1983 9 27 300 600 42.67 -81.15 0.0 454
1983 9 27 300 600 42.7 -82.35 0.0 456
1983 9 27 300 600 40.67 -78.23 44.25453452540572 504
1983 9 27 300 600 41.8 -78.63 117.34704399924371 508
1983 9 27 300 600 42.25 -78.8 68.44175164646612 510
1983 9 27 300 600 42.48 -78.93 29.121911439137655 512
1983 9 27 300 600 43.18 -79.4 0.0 552
1983 9 27 300 600 43.52 -79.92 0.0 554
1983 9 27 300 600 43.98 -80.75 0.0 556
1983 9 27 300 600 39.92 -76.75 10.700892109443796 602
1983 9 27 300 600 40.48 -77.13 120.3838840209592 604
1983 9 27 300 600 41.98 -77.57 1048.841830688324 608
1983 9 27 300 600 42.88 -78.03 48.775961940028466 612
1983 9 27 300 600 43.03 -78.18 17.276931039639894 614
1983 9 27 300 600 43.92 -78.67 0.0 652
1983 9 27 300 600 44.23 -78.37 0.0 653
1983 9 27 300 600 44.62 -79.53 0.0 654
1983 9 27 300 600 40.37 -75.93 38.360109922971 702
1983 9 27 300 600 40.78 -74.67 55.948536893199055 703
1983 9 27 300 600 41.02 -75.9 158.72624582599494 704
1983 9 27 300 600 41.83 -75.87 494.5165155654571 706
1983 9 27 300 600 42.45 -76.45 2765.4161299907028 708
1983 9 27 300 600 43.98 -77.22 68.56218727322222 752
1983 9 27 300 600 44.28 -77.78 2.43473633594967 754
1983 9 27 300 600 39.93 -74.7 5.702210328145409 802
1983 9 27 300 600 40.45 -74.8 18.926129691479606 803
1983 9 27 300 600 40.9 -74.6 87.94110548057519 804
1983 9 27 300 600 41.3 -74.67 143.5350375228752 805
1983 9 27 300 600 41.63 -74.8 158.27111718329377 806
1983 9 27 300 600 42.08 -74.97 204.2300621734391 807
1983 9 27 300 600 42.47 -75.07 320.6817232268239 808
1983 9 27 300 600 43.23 -75.4 670.7780800095151 810
1983 9 27 300 600 43.58 -75.52 663.5808071208771 811
1983 9 27 300 600 44.48 -76.03 435.0419294496566 852
1983 9 27 300 600 40.67 -73.52 28.650864768213808 902
1983 9 27 300 600 41.27 -73.8 107.60379236712006 904
1983 9 27 300 600 43.05 -74.2 1770.470180144829 908
1983 9 27 300 600 43.97 -74.1 641.9694748028307 910
1983 9 27 300 600 44.8 -75.0 233.3158299869427 912
1983 9 27 300 600 45.55 -75.52 38.30046085155073 952
1983 9 27 300 600 41.1 -72.37 72.97408108700736 2
1983 9 27 300 600 43.03 -72.8 142.8865745498797 6
1983 9 27 300 600 43.95 -73.22 426.5615612612021 8
1983 9 27 300 600 44.9 -73.8 270.0470952894673 10
1983 9 27 300 600 45.98 -74.0 19.5182346466559 52
1983 9 27 300 600 41.73 -71.43 51.28842050054569 102
1983 9 27 300 600 44.4 -71.18 26.71793368375892 107
1983 9 27 300 600 44.93 -72.2 5.167934184931592 108
1983 9 27 300 600 46.07 -72.58 5.042237546223077 152
1983 9 27 600 600 43.07 -76.83 927.9271640281027 710
1983 9 27 900 600 42.25 -78.8 1.6275755559476461 510
1983 9 27 900 600 43.18 -79.4 0.0 552
1983 9 27 900 600 39.92 -76.75 202.69072854886056 602
1983 9 27 900 600 40.48 -77.13 317.05356107836616 604
1983 9 27 900 600 41.98 -77.57 196.13730629605675 608
1983 9 27 900 600 42.88 -78.03 17.84383315711317 612
1983 9 27 900 600 43.03 -78.18 7.817810482966196 614
1983 9 27 900 600 43.92 -78.67 0.0 652
1983 9 27 900 600 44.23 -78.37 0.0 653
1983 9 27 900 600 44.62 -79.53 0.0 654
1983 9 27 900 600 40.37 -75.93 624.7390656464434 702
1983 9 27 900 600 40.78 -74.67 816.6481390254062 703
1983 9 27 900 600 41.02 -75.9 703.732404843363 704
1983 9 27 900 600 41.83 -75.87 767.6779027816485 706
1983 9 27 900 600 42.45 -76.45 998.3370726521471 708
1983 9 27 900 600 43.98 -77.22 13.326518002251225 752
1983 9 27 900 600 44.28 -77.78 0.0 754
1983 9 27 900 600 39.93 -74.7 122.72518552427964 802
1983 9 27 900 600 40.45 -74.8 500.44303092466515 803
1983 9 27 900 600 40.9 -74.6 917.9511367592597 804
1983 9 27 900 600 41.3 -74.67 977.4234242940247 805
1983 9 27 900 600 41.63 -74.8 555.2382731992432 806
1983 9 27 900 600 42.08 -74.97 296.6163573684152 807
1983 9 27 900 600 42.47 -75.07 378.19831436879593 808
1983 9 27 900 600 43.23 -75.4 481.74148928043815 810
1983 9 27 900 600 43.58 -75.52 287.7387837042484 811
1983 9 27 900 600 44.48 -76.03 35.18340800427387 852
1983 9 27 900 600 40.67 -73.52 255.08929629547208 902
1983 9 27 900 600 41.27 -73.8 901.1314155316782 904
1983 9 27 900 600 43.05 -74.2 711.3019665351188 908
1983 9 27 900 600 43.97 -74.1 209.95794880723415 910
1983 9 27 900 600 44.8 -75.0 68.96756943417445 912
1983 9 27 900 600 45.55 -75.52 8.398462442842737 952
1983 9 27 900 600 41.1 -72.37 281.5895559945559 2
1983 9 27 900 600 43.03 -72.8 502.0831855032982 6
1983 9 27 900 600 43.95 -73.22 1079.101235209264 8
1983 9 27 900 600 44.9 -73.8 152.0900734441193 10
1983 9 27 900 600 45.98 -74.0 22.206034007953306 52
1983 9 27 900 600 41.73 -71.43 323.15851158556984 102
1983 9 27 900 600 44.4 -71.18 72.74584685378572 107
1983 9 27 900 600 44.93 -72.2 38.29838312375043 108
1983 9 27 900 600 46.07 -72.58 27.648921354570714 152
1983 9 27 1200 600 43.07 -76.83 28.37668755391605 710
1983 9 27 1500 600 42.25 -78.8 0.0 510
1983 9 27 1500 600 40.37 -75.93 245.7556278815665 702
1983 9 27 1500 600 40.78 -74.67 181.10157838771735 703
1983 9 27 1500 600 41.02 -75.9 81.06176228355855 704
1983 9 27 1500 600 41.83 -75.87 28.30221848747848 706
1983 9 27 1500 600 42.45 -76.45 8.49750046672457 708
1983 9 27 1500 600 43.98 -77.22 0.0 752
1983 9 27 1500 600 44.28 -77.78 0.0 754
1983 9 27 1500 600 39.93 -74.7 237.74377929096667 802
1983 9 27 1500 600 40.45 -74.8 220.5295974368535 803
1983 9 27 1500 600 40.9 -74.6 170.49742819336524 804
1983 9 27 1500 600 41.3 -74.67 96.69359988488416 805
1983 9 27 1500 600 41.63 -74.8 64.44987958919268 806
1983 9 27 1500 600 42.08 -74.97 55.579148582486496 807
1983 9 27 1500 600 42.47 -75.07 53.48749921259786 808
1983 9 27 1500 600 43.23 -75.4 13.245900335814513 810
1983 9 27 1500 600 43.58 -75.52 3.7657271077106853 811
1983 9 27 1500 600 44.48 -76.03 0.0 852
1983 9 27 1500 600 40.67 -73.52 312.44157063659605 902
1983 9 27 1500 600 41.27 -73.8 195.10482863864357 904
1983 9 27 1500 600 43.05 -74.2 44.439003863711584 908
1983 9 27 1500 600 43.97 -74.1 4.862717728138707 910
1983 9 27 1500 600 44.8 -75.0 0.0 912
1983 9 27 1500 600 45.55 -75.52 0.0 952
1983 9 27 1500 600 41.1 -72.37 288.48821636429903 2
1983 9 27 1500 600 43.03 -72.8 95.83264303121109 6
1983 9 27 1500 600 43.95 -73.22 16.986058324595785 8
1983 9 27 1500 600 44.9 -73.8 0.0 10
1983 9 27 1500 600 45.98 -74.0 0.0 52
1983 9 27 1500 600 41.73 -71.43 266.78956987152276 102
1983 9 27 1500 600 44.4 -71.18 33.09927402129309 107
1983 9 27 1500 600 44.93 -72.2 10.47696263221043 108
1983 9 27 1500 600 46.07 -72.58 0.0 152
1983 9 27 1800 600 43.07 -76.83 0.0 710
1983 9 27 2100 600 42.25 -78.8 0.0 510
1983 9 27 2100 600 40.37 -75.93 79.65794690809894 702
1983 9 27 2100 600 40.78 -74.67 154.88308488582862 703
1983 9 27 2100 600 40.67 -73.52 312.60201853580514 902
1983 9 27 2100 600 41.27 -73.8 164.43917923979035 904
1983 9 27 2100 600 43.05 -74.2 2.140080707352091 908
1983 9 27 2100 600 43.97 -74.1 0.0 910
1983 9 27 2100 600 44.8 -75.0 0.0 912
1983 9 27 2100 600 45.55 -75.52 0.0 952
1983 9 27 2100 600 41.1 -72.37 295.1048456614866 2
1983 9 27 2100 600 43.03 -72.8 12.350347602301094 6
1983 9 27 2100 600 43.95 -73.22 0.0 8
1983 9 27 2100 600 44.9 -73.8 0.0 10
1983 9 27 2100 600 45.98 -74.0 0.0 52
1983 9 27 2100 600 41.73 -71.43 286.86753641968454 102
1983 9 27 2100 600 44.4 -71.18 2.3957335901335535 107
1983 9 27 2100 600 44.93 -72.2 0.0 108
1983 9 27 2100 600 46.07 -72.58 0.0 152
